20.86092715 0.00000000 0.00000000
20.85052984 0.65854922 0.00000000
20.81934826 1.31644198 0.00000000
20.76741351 1.97302248 0.00000000
20.69477735 2.62763623 0.00000000
20.60151218 3.27963070 0.00000000
20.48771098 3.92835596 0.00000000
20.35348718 4.57316534 0.00000000
20.19897458 5.21341610 0.00000000
20.02432721 5.84847001 0.00000000
19.82971915 6.47769404 0.00000000
19.61534440 7.10046097 0.00000000
19.38141664 7.71614999 0.00000000
19.12816906 8.32414740 0.00000000
18.85585412 8.92384711 0.00000000
18.56474324 9.51465133 0.00000000
18.25512663 10.09597115 0.00000000
17.92731291 10.66722708 0.00000000
17.58162885 11.22784969 0.00000000
17.21841904 11.77728013 0.00000000
16.83804554 12.31497073 0.00000000
16.44088751 12.84038549 0.00000000
16.02734085 13.35300068 0.00000000
15.59781778 13.85230530 0.00000000
15.15274647 14.33780165 0.00000000
14.69257057 14.80900577 0.00000000
14.21774880 15.26544794 0.00000000
13.72875446 15.70667319 0.00000000
13.22607501 16.13224168 0.00000000
12.71021151 16.54172920 0.00000000
12.18167820 16.93472757 0.00000000
11.64100193 17.31084503 0.00000000
11.08872166 17.66970666 0.00000000
10.52538791 18.01095475 0.00000000
9.95156222 18.33424913 0.00000000
9.36781659 18.63926753 0.00000000
8.77473293 18.92570590 0.00000000
8.17290242 19.19327871 0.00000000
7.56292498 19.44171925 0.00000000
6.94540865 19.67077986 0.00000000
6.32096899 19.88023221 0.00000000
5.69022845 20.06986751 0.00000000
5.05381577 20.23949673 0.00000000
4.41236533 20.38895078 0.00000000
3.76651656 20.51808068 0.00000000
3.11691323 20.62675771 0.00000000
2.46420290 20.71487354 0.00000000
1.80903620 20.78234033 0.00000000
1.15206621 20.82909084 0.00000000
0.49394782 20.85507845 0.00000000
-0.16466295 20.86027727 0.00000000
-0.82310958 20.84468211 0.00000000
-1.48073572 20.80830852 0.00000000
-2.13688583 20.75119275 0.00000000
-2.79090584 20.67339174 0.00000000
-3.44214382 20.57498305 0.00000000
-4.08995060 20.45606477 0.00000000
-4.73368042 20.31675543 0.00000000
-5.37269161 20.15719392 0.00000000
-6.00634718 19.97753927 0.00000000
-6.63401549 19.77797058 0.00000000
-7.25507087 19.55868677 0.00000000
-7.86889424 19.31990644 0.00000000
-8.47487373 19.06186761 0.00000000
-9.07240528 18.78482750 0.00000000
-9.66089325 18.48906226 0.00000000
-10.23975104 18.17486672 0.00000000
-10.80840162 17.84255408 0.00000000
-11.36627815 17.49245559 0.00000000
-11.91282453 17.12492024 0.00000000
-12.44749595 16.74031440 0.00000000
-12.96975943 16.33902145 0.00000000
-13.47909437 15.92144141 0.00000000
-13.97499306 15.48799053 0.00000000
-14.45696117 15.03910088 0.00000000
-14.92451827 14.57521993 0.00000000
-15.37719828 14.09681009 0.00000000
-15.81454997 13.60434823 0.00000000
-16.23613737 13.09832527 0.00000000
-16.64154024 12.57924561 0.00000000
-17.03035445 12.04762669 0.00000000
-17.40219244 11.50399843 0.00000000
-17.75668355 10.94890273 0.00000000
-18.09347440 10.38289293 0.00000000
-18.41222929 9.80653324 0.00000000
-18.71263047 9.22039818 0.00000000
-18.99437849 8.62507203 0.00000000
-19.25719250 8.02114821 0.00000000
-19.50081052 7.40922875 0.00000000
-19.72498971 6.78992360 0.00000000
-19.92950660 6.16385011 0.00000000
-20.11415733 5.53163236 0.00000000
-20.27875783 4.89390055 0.00000000
-20.42314402 4.25129041 0.00000000
-20.54717197 3.60444248 0.00000000
-20.65071806 2.95400156 0.00000000
-20.73367906 2.30061604 0.00000000
-20.79597228 1.64493721 0.00000000
-20.83753563 0.98761866 0.00000000
-20.85832766 0.32931564 0.00000000
-20.85832766 -0.32931564 0.00000000
-20.83753563 -0.98761866 0.00000000
-20.79597228 -1.64493721 0.00000000
-20.73367906 -2.30061604 0.00000000
-20.65071806 -2.95400156 0.00000000
-20.54717197 -3.60444248 0.00000000
-20.42314402 -4.25129041 0.00000000
-20.27875783 -4.89390055 0.00000000
-20.11415733 -5.53163236 0.00000000
-19.92950660 -6.16385011 0.00000000
-19.72498971 -6.78992360 0.00000000
-19.50081052 -7.40922875 0.00000000
-19.25719250 -8.02114821 0.00000000
-18.99437849 -8.62507203 0.00000000
-18.71263047 -9.22039818 0.00000000
-18.41222929 -9.80653324 0.00000000
-18.09347440 -10.38289293 0.00000000
-17.75668355 -10.94890273 0.00000000
-17.40219244 -11.50399843 0.00000000
-17.03035445 -12.04762669 0.00000000
-16.64154024 -12.57924561 0.00000000
-16.23613737 -13.09832527 0.00000000
-15.81454997 -13.60434823 0.00000000
-15.37719828 -14.09681009 0.00000000
-14.92451827 -14.57521993 0.00000000
-14.45696117 -15.03910088 0.00000000
-13.97499306 -15.48799053 0.00000000
-13.47909437 -15.92144141 0.00000000
-12.96975943 -16.33902145 0.00000000
-12.44749595 -16.74031440 0.00000000
-11.91282453 -17.12492024 0.00000000
-11.36627815 -17.49245559 0.00000000
-10.80840162 -17.84255408 0.00000000
-10.23975104 -18.17486672 0.00000000
-9.66089325 -18.48906226 0.00000000
-9.07240528 -18.78482750 0.00000000
-8.47487373 -19.06186761 0.00000000
-7.86889424 -19.31990644 0.00000000
-7.25507087 -19.55868677 0.00000000
-6.63401549 -19.77797058 0.00000000
-6.00634718 -19.97753927 0.00000000
-5.37269161 -20.15719392 0.00000000
-4.73368042 -20.31675543 0.00000000
-4.08995060 -20.45606477 0.00000000
-3.44214382 -20.57498305 0.00000000
-2.79090584 -20.67339174 0.00000000
-2.13688583 -20.75119275 0.00000000
-1.48073572 -20.80830852 0.00000000
-0.82310958 -20.84468211 0.00000000
-0.16466295 -20.86027727 0.00000000
0.49394782 -20.85507845 0.00000000
1.15206621 -20.82909084 0.00000000
1.80903620 -20.78234033 0.00000000
2.46420290 -20.71487354 0.00000000
3.11691323 -20.62675771 0.00000000
3.76651656 -20.51808068 0.00000000
4.41236533 -20.38895078 0.00000000
5.05381577 -20.23949673 0.00000000
5.69022845 -20.06986751 0.00000000
6.32096899 -19.88023221 0.00000000
6.94540865 -19.67077986 0.00000000
7.56292498 -19.44171925 0.00000000
8.17290242 -19.19327871 0.00000000
8.77473293 -18.92570590 0.00000000
9.36781659 -18.63926753 0.00000000
9.95156222 -18.33424913 0.00000000
10.52538791 -18.01095475 0.00000000
11.08872166 -17.66970666 0.00000000
11.64100193 -17.31084503 0.00000000
12.18167820 -16.93472757 0.00000000
12.71021151 -16.54172920 0.00000000
13.22607501 -16.13224168 0.00000000
13.72875446 -15.70667319 0.00000000
14.21774880 -15.26544794 0.00000000
14.69257057 -14.80900577 0.00000000
15.15274647 -14.33780165 0.00000000
15.59781778 -13.85230530 0.00000000
16.02734085 -13.35300068 0.00000000
16.44088751 -12.84038549 0.00000000
16.83804554 -12.31497073 0.00000000
17.21841904 -11.77728013 0.00000000
17.58162885 -11.22784969 0.00000000
17.92731291 -10.66722708 0.00000000
18.25512663 -10.09597115 0.00000000
18.56474324 -9.51465133 0.00000000
18.85585412 -8.92384711 0.00000000
19.12816906 -8.32414740 0.00000000
19.38141664 -7.71614999 0.00000000
19.61534440 -7.10046097 0.00000000
19.82971915 -6.47769404 0.00000000
20.02432721 -5.84847001 0.00000000
20.19897458 -5.21341610 0.00000000
20.35348718 -4.57316534 0.00000000
20.48771098 -3.92835596 0.00000000
20.60151218 -3.27963070 0.00000000
20.69477735 -2.62763623 0.00000000
20.76741351 -1.97302248 0.00000000
20.81934826 -1.31644198 0.00000000
20.85052984 -0.65854922 0.00000000
20.86092715 -0.00000000 0.00000000
