13.74079225 -2.14550648 -5.00000000
14.02211721 -1.81483058 -5.00000000
13.83424810 -1.42342864 -5.00000000
13.80175670 -1.41762731 -5.00000000
13.70703371 -1.39084687 -5.00000000
13.55667605 -1.33004640 -5.00000000
13.36024043 -1.22415210 -5.00000000
13.12968530 -1.06470925 -5.00000000
12.87867286 -0.84638113 -5.00000000
12.62177160 -0.56726623 -5.00000000
12.37360622 -0.22901477 -5.00000000
12.14800427 0.16326192 -5.00000000
11.95718949 0.60128406 -5.00000000
11.81106879 1.07408095 -5.00000000
11.71665461 1.56862561 -5.00000000
11.67765626 2.07058933 -5.00000000
11.69426415 2.56517233 -5.00000000
11.76313948 3.03796178 -5.00000000
11.87761002 3.47576737 -5.00000000
12.02806046 3.86738552 -5.00000000
12.20249473 4.20424761 -5.00000000
12.38723724 4.48091459 -5.00000000
12.56773234 4.69538885 -5.00000000
12.72939521 4.84922537 -5.00000000
12.85846452 4.94743552 -5.00000000
12.94280724 4.99818927 -5.00000000
12.97262839 5.01233301 -5.00000000
13.05092501 5.43936922 -5.00000000
12.69252462 5.68439869 -5.00000000
12.66148558 5.67317709 -5.00000000
12.56606284 5.64900813 -5.00000000
12.40544905 5.62648406 -5.00000000
12.18238366 5.61997339 -5.00000000
11.90299564 5.64277740 -5.00000000
11.57644843 5.70634887 -5.00000000
11.21440796 5.81961883 -5.00000000
10.83036471 5.98847050 -5.00000000
10.43884934 6.21539111 -5.00000000
10.05458782 6.49932202 -5.00000000
9.69164514 6.83571579 -5.00000000
9.36260774 7.21679693 -5.00000000
9.07785231 7.63201109 -5.00000000
8.84494367 8.06863647 -5.00000000
8.66819673 8.51252181 -5.00000000
8.54842833 8.94890785 -5.00000000
8.48291316 9.36328433 -5.00000000
8.46554662 9.74223260 -5.00000000
8.48720483 10.07420449 -5.00000000
8.53628105 10.35019220 -5.00000000
8.59936694 10.56424996 -5.00000000
8.66203917 10.71383711 -5.00000000
8.70970523 10.79996250 -5.00000000
8.72845924 10.82712191 -5.00000000
8.58274799 11.23609443 -5.00000000
8.14984941 11.26909598 -5.00000000
8.12857961 11.24385827 -5.00000000
8.05802558 11.17521597 -5.00000000
7.93019199 11.07540265 -5.00000000
7.74026703 10.95823156 -5.00000000
7.48690791 10.83828639 -5.00000000
7.17232399 10.73006729 -5.00000000
6.80215277 10.64714173 -5.00000000
6.38513572 10.60134994 -5.00000000
5.93261316 10.60211127 -5.00000000
5.45786747 10.65587189 -5.00000000
4.97535300 10.76572610 -5.00000000
4.49985768 10.93123334 -5.00000000
4.04564517 11.14844164 -5.00000000
3.62562767 11.41011599 -5.00000000
3.25061767 11.70615851 -5.00000000
2.92870217 12.02419570 -5.00000000
2.66477613 12.35029868 -5.00000000
2.46026213 12.66979423 -5.00000000
2.31303275 12.96811943 -5.00000000
2.21754014 13.23166990 -5.00000000
2.16514525 13.44859231 -5.00000000
2.14462742 13.60947469 -5.00000000
2.14284474 13.70789450 -5.00000000
2.14550648 13.74079225 -5.00000000
1.81483058 14.02211721 -5.00000000
1.42342864 13.83424810 -5.00000000
1.41762731 13.80175670 -5.00000000
1.39084687 13.70703371 -5.00000000
1.33004640 13.55667605 -5.00000000
1.22415210 13.36024043 -5.00000000
1.06470925 13.12968530 -5.00000000
0.84638113 12.87867286 -5.00000000
0.56726623 12.62177160 -5.00000000
0.22901477 12.37360622 -5.00000000
-0.16326192 12.14800427 -5.00000000
-0.60128406 11.95718949 -5.00000000
-1.07408095 11.81106879 -5.00000000
-1.56862561 11.71665461 -5.00000000
-2.07058933 11.67765626 -5.00000000
-2.56517233 11.69426415 -5.00000000
-3.03796178 11.76313948 -5.00000000
-3.47576737 11.87761002 -5.00000000
-3.86738552 12.02806046 -5.00000000
-4.20424761 12.20249473 -5.00000000
-4.48091459 12.38723724 -5.00000000
-4.69538885 12.56773234 -5.00000000
-4.84922537 12.72939521 -5.00000000
-4.94743552 12.85846452 -5.00000000
-4.99818927 12.94280724 -5.00000000
-5.01233301 12.97262839 -5.00000000
-5.43936922 13.05092501 -5.00000000
-5.68439869 12.69252462 -5.00000000
-5.67317709 12.66148558 -5.00000000
-5.64900813 12.56606284 -5.00000000
-5.62648406 12.40544905 -5.00000000
-5.61997339 12.18238366 -5.00000000
-5.64277740 11.90299564 -5.00000000
-5.70634887 11.57644843 -5.00000000
-5.81961883 11.21440796 -5.00000000
-5.98847050 10.83036471 -5.00000000
-6.21539111 10.43884934 -5.00000000
-6.49932202 10.05458782 -5.00000000
-6.83571579 9.69164514 -5.00000000
-7.21679693 9.36260774 -5.00000000
-7.63201109 9.07785231 -5.00000000
-8.06863647 8.84494367 -5.00000000
-8.51252181 8.66819673 -5.00000000
-8.94890785 8.54842833 -5.00000000
-9.36328433 8.48291316 -5.00000000
-9.74223260 8.46554662 -5.00000000
-10.07420449 8.48720483 -5.00000000
-10.35019220 8.53628105 -5.00000000
-10.56424996 8.59936694 -5.00000000
-10.71383711 8.66203917 -5.00000000
-10.79996250 8.70970523 -5.00000000
-10.82712191 8.72845924 -5.00000000
-11.23609443 8.58274799 -5.00000000
-11.26909598 8.14984941 -5.00000000
-11.24385827 8.12857961 -5.00000000
-11.17521597 8.05802558 -5.00000000
-11.07540265 7.93019199 -5.00000000
-10.95823156 7.74026703 -5.00000000
-10.83828639 7.48690791 -5.00000000
-10.73006729 7.17232399 -5.00000000
-10.64714173 6.80215277 -5.00000000
-10.60134994 6.38513572 -5.00000000
-10.60211127 5.93261316 -5.00000000
-10.65587189 5.45786747 -5.00000000
-10.76572610 4.97535300 -5.00000000
-10.93123334 4.49985768 -5.00000000
-11.14844164 4.04564517 -5.00000000
-11.41011599 3.62562767 -5.00000000
-11.70615851 3.25061767 -5.00000000
-12.02419570 2.92870217 -5.00000000
-12.35029868 2.66477613 -5.00000000
-12.66979423 2.46026213 -5.00000000
-12.96811943 2.31303275 -5.00000000
-13.23166990 2.21754014 -5.00000000
-13.44859231 2.16514525 -5.00000000
-13.60947469 2.14462742 -5.00000000
-13.70789450 2.14284474 -5.00000000
-13.74079225 2.14550648 -5.00000000
-14.02211721 1.81483058 -5.00000000
-13.83424810 1.42342864 -5.00000000
-13.80175670 1.41762731 -5.00000000
-13.70703371 1.39084687 -5.00000000
-13.55667605 1.33004640 -5.00000000
-13.36024043 1.22415210 -5.00000000
-13.12968530 1.06470925 -5.00000000
-12.87867286 0.84638113 -5.00000000
-12.62177160 0.56726623 -5.00000000
-12.37360622 0.22901477 -5.00000000
-12.14800427 -0.16326192 -5.00000000
-11.95718949 -0.60128406 -5.00000000
-11.81106879 -1.07408095 -5.00000000
-11.71665461 -1.56862561 -5.00000000
-11.67765626 -2.07058933 -5.00000000
-11.69426415 -2.56517233 -5.00000000
-11.76313948 -3.03796178 -5.00000000
-11.87761002 -3.47576737 -5.00000000
-12.02806046 -3.86738552 -5.00000000
-12.20249473 -4.20424761 -5.00000000
-12.38723724 -4.48091459 -5.00000000
-12.56773234 -4.69538885 -5.00000000
-12.72939521 -4.84922537 -5.00000000
-12.85846452 -4.94743552 -5.00000000
-12.94280724 -4.99818927 -5.00000000
-12.97262839 -5.01233301 -5.00000000
-13.05092501 -5.43936922 -5.00000000
-12.69252462 -5.68439869 -5.00000000
-12.66148558 -5.67317709 -5.00000000
-12.56606284 -5.64900813 -5.00000000
-12.40544905 -5.62648406 -5.00000000
-12.18238366 -5.61997339 -5.00000000
-11.90299564 -5.64277740 -5.00000000
-11.57644843 -5.70634887 -5.00000000
-11.21440796 -5.81961883 -5.00000000
-10.83036471 -5.98847050 -5.00000000
-10.43884934 -6.21539111 -5.00000000
-10.05458782 -6.49932202 -5.00000000
-9.69164514 -6.83571579 -5.00000000
-9.36260774 -7.21679693 -5.00000000
-9.07785231 -7.63201109 -5.00000000
-8.84494367 -8.06863647 -5.00000000
-8.66819673 -8.51252181 -5.00000000
-8.54842833 -8.94890785 -5.00000000
-8.48291316 -9.36328433 -5.00000000
-8.46554662 -9.74223260 -5.00000000
-8.48720483 -10.07420449 -5.00000000
-8.53628105 -10.35019220 -5.00000000
-8.59936694 -10.56424996 -5.00000000
-8.66203917 -10.71383711 -5.00000000
-8.70970523 -10.79996250 -5.00000000
-8.72845924 -10.82712191 -5.00000000
-8.58274799 -11.23609443 -5.00000000
-8.14984941 -11.26909598 -5.00000000
-8.12857961 -11.24385827 -5.00000000
-8.05802558 -11.17521597 -5.00000000
-7.93019199 -11.07540265 -5.00000000
-7.74026703 -10.95823156 -5.00000000
-7.48690791 -10.83828639 -5.00000000
-7.17232399 -10.73006729 -5.00000000
-6.80215277 -10.64714173 -5.00000000
-6.38513572 -10.60134994 -5.00000000
-5.93261316 -10.60211127 -5.00000000
-5.45786747 -10.65587189 -5.00000000
-4.97535300 -10.76572610 -5.00000000
-4.49985768 -10.93123334 -5.00000000
-4.04564517 -11.14844164 -5.00000000
-3.62562767 -11.41011599 -5.00000000
-3.25061767 -11.70615851 -5.00000000
-2.92870217 -12.02419570 -5.00000000
-2.66477613 -12.35029868 -5.00000000
-2.46026213 -12.66979423 -5.00000000
-2.31303275 -12.96811943 -5.00000000
-2.21754014 -13.23166990 -5.00000000
-2.16514525 -13.44859231 -5.00000000
-2.14462742 -13.60947469 -5.00000000
-2.14284474 -13.70789450 -5.00000000
-2.14550648 -13.74079225 -5.00000000
-1.81483058 -14.02211721 -5.00000000
-1.42342864 -13.83424810 -5.00000000
-1.41762731 -13.80175670 -5.00000000
-1.39084687 -13.70703371 -5.00000000
-1.33004640 -13.55667605 -5.00000000
-1.22415210 -13.36024043 -5.00000000
-1.06470925 -13.12968530 -5.00000000
-0.84638113 -12.87867286 -5.00000000
-0.56726623 -12.62177160 -5.00000000
-0.22901477 -12.37360622 -5.00000000
0.16326192 -12.14800427 -5.00000000
0.60128406 -11.95718949 -5.00000000
1.07408095 -11.81106879 -5.00000000
1.56862561 -11.71665461 -5.00000000
2.07058933 -11.67765626 -5.00000000
2.56517233 -11.69426415 -5.00000000
3.03796178 -11.76313948 -5.00000000
3.47576737 -11.87761002 -5.00000000
3.86738552 -12.02806046 -5.00000000
4.20424761 -12.20249473 -5.00000000
4.48091459 -12.38723724 -5.00000000
4.69538885 -12.56773234 -5.00000000
4.84922537 -12.72939521 -5.00000000
4.94743552 -12.85846452 -5.00000000
4.99818927 -12.94280724 -5.00000000
5.01233301 -12.97262839 -5.00000000
5.43936922 -13.05092501 -5.00000000
5.68439869 -12.69252462 -5.00000000
5.67317709 -12.66148558 -5.00000000
5.64900813 -12.56606284 -5.00000000
5.62648406 -12.40544905 -5.00000000
5.61997339 -12.18238366 -5.00000000
5.64277740 -11.90299564 -5.00000000
5.70634887 -11.57644843 -5.00000000
5.81961883 -11.21440796 -5.00000000
5.98847050 -10.83036471 -5.00000000
6.21539111 -10.43884934 -5.00000000
6.49932202 -10.05458782 -5.00000000
6.83571579 -9.69164514 -5.00000000
7.21679693 -9.36260774 -5.00000000
7.63201109 -9.07785231 -5.00000000
8.06863647 -8.84494367 -5.00000000
8.51252181 -8.66819673 -5.00000000
8.94890785 -8.54842833 -5.00000000
9.36328433 -8.48291316 -5.00000000
9.74223260 -8.46554662 -5.00000000
10.07420449 -8.48720483 -5.00000000
10.35019220 -8.53628105 -5.00000000
10.56424996 -8.59936694 -5.00000000
10.71383711 -8.66203917 -5.00000000
10.79996250 -8.70970523 -5.00000000
10.82712191 -8.72845924 -5.00000000
11.23609443 -8.58274799 -5.00000000
11.26909598 -8.14984941 -5.00000000
11.24385827 -8.12857961 -5.00000000
11.17521597 -8.05802558 -5.00000000
11.07540265 -7.93019199 -5.00000000
10.95823156 -7.74026703 -5.00000000
10.83828639 -7.48690791 -5.00000000
10.73006729 -7.17232399 -5.00000000
10.64714173 -6.80215277 -5.00000000
10.60134994 -6.38513572 -5.00000000
10.60211127 -5.93261316 -5.00000000
10.65587189 -5.45786747 -5.00000000
10.76572610 -4.97535300 -5.00000000
10.93123334 -4.49985768 -5.00000000
11.14844164 -4.04564517 -5.00000000
11.41011599 -3.62562767 -5.00000000
11.70615851 -3.25061767 -5.00000000
12.02419570 -2.92870217 -5.00000000
12.35029868 -2.66477613 -5.00000000
12.66979423 -2.46026213 -5.00000000
12.96811943 -2.31303275 -5.00000000
13.23166990 -2.21754014 -5.00000000
13.44859231 -2.16514525 -5.00000000
13.60947469 -2.14462742 -5.00000000
13.70789450 -2.14284474 -5.00000000
13.74079225 -2.14550648 -5.00000000
