13.90251909 -0.36405027 0.00000000
14.13907285 0.00000000 0.00000000
13.90251909 0.36405027 0.00000000
13.86955182 0.36563316 0.00000000
13.77217493 0.38003384 0.00000000
13.61525692 0.42103212 0.00000000
13.40685403 0.50083684 0.00000000
13.15774062 0.62936776 0.00000000
12.88078084 0.81367103 0.00000000
12.59017863 1.05750240 0.00000000
12.30064952 1.36110247 0.00000000
12.02656276 1.72117704 0.00000000
11.78110372 2.13108378 0.00000000
11.57550553 2.58121436 0.00000000
11.41839470 3.05954964 0.00000000
11.31528903 3.55235556 0.00000000
11.26827700 4.04497917 0.00000000
11.27589739 4.52269834 0.00000000
11.33322620 4.97157544 0.00000000
11.43216573 5.37926537 0.00000000
11.56191894 5.73573064 0.00000000
11.70962151 6.03382184 0.00000000
11.86109460 6.26968959 0.00000000
12.00167443 6.44300395 0.00000000
12.11707028 6.55696851 0.00000000
12.19420080 6.61812830 0.00000000
12.22195984 6.63598276 0.00000000
12.24479627 7.06953642 0.00000000
11.85790957 7.26653633 0.00000000
11.82856763 7.25142352 0.00000000
11.73703644 7.21520643 0.00000000
11.58064231 7.17225297 0.00000000
11.36025776 7.13716445 0.00000000
11.08025375 7.12391878 0.00000000
10.74824792 7.14505020 0.00000000
10.37466333 7.21091326 0.00000000
9.97212373 7.32907408 0.00000000
9.55472035 7.50386442 0.00000000
9.13719322 7.73612455 0.00000000
8.73407467 8.02314997 0.00000000
8.35884506 8.35884506 0.00000000
8.02314997 8.73407467 0.00000000
7.73612455 9.13719322 0.00000000
7.50386442 9.55472035 0.00000000
7.32907408 9.97212373 0.00000000
7.21091326 10.37466333 0.00000000
7.14505020 10.74824792 0.00000000
7.12391878 11.08025375 0.00000000
7.13716445 11.36025776 0.00000000
7.17225297 11.58064231 0.00000000
7.21520643 11.73703644 0.00000000
7.25142352 11.82856763 0.00000000
7.26653633 11.85790957 0.00000000
7.06953642 12.24479627 0.00000000
6.63598276 12.22195984 0.00000000
6.61812830 12.19420080 0.00000000
6.55696851 12.11707028 0.00000000
6.44300395 12.00167443 0.00000000
6.26968959 11.86109460 0.00000000
6.03382184 11.70962151 0.00000000
5.73573064 11.56191894 0.00000000
5.37926537 11.43216573 0.00000000
4.97157544 11.33322620 0.00000000
4.52269834 11.27589739 0.00000000
4.04497917 11.26827700 0.00000000
3.55235556 11.31528903 0.00000000
3.05954964 11.41839470 0.00000000
2.58121436 11.57550553 0.00000000
2.13108378 11.78110372 0.00000000
1.72117704 12.02656276 0.00000000
1.36110247 12.30064952 0.00000000
1.05750240 12.59017863 0.00000000
0.81367103 12.88078084 0.00000000
0.62936776 13.15774062 0.00000000
0.50083684 13.40685403 0.00000000
0.42103212 13.61525692 0.00000000
0.38003384 13.77217493 0.00000000
0.36563316 13.86955182 0.00000000
0.36405027 13.90251909 0.00000000
0.00000000 14.13907285 0.00000000
-0.36405027 13.90251909 0.00000000
-0.36563316 13.86955182 0.00000000
-0.38003384 13.77217493 0.00000000
-0.42103212 13.61525692 0.00000000
-0.50083684 13.40685403 0.00000000
-0.62936776 13.15774062 0.00000000
-0.81367103 12.88078084 0.00000000
-1.05750240 12.59017863 0.00000000
-1.36110247 12.30064952 0.00000000
-1.72117704 12.02656276 0.00000000
-2.13108378 11.78110372 0.00000000
-2.58121436 11.57550553 0.00000000
-3.05954964 11.41839470 0.00000000
-3.55235556 11.31528903 0.00000000
-4.04497917 11.26827700 0.00000000
-4.52269834 11.27589739 0.00000000
-4.97157544 11.33322620 0.00000000
-5.37926537 11.43216573 0.00000000
-5.73573064 11.56191894 0.00000000
-6.03382184 11.70962151 0.00000000
-6.26968959 11.86109460 0.00000000
-6.44300395 12.00167443 0.00000000
-6.55696851 12.11707028 0.00000000
-6.61812830 12.19420080 0.00000000
-6.63598276 12.22195984 0.00000000
-7.06953642 12.24479627 0.00000000
-7.26653633 11.85790957 0.00000000
-7.25142352 11.82856763 0.00000000
-7.21520643 11.73703644 0.00000000
-7.17225297 11.58064231 0.00000000
-7.13716445 11.36025776 0.00000000
-7.12391878 11.08025375 0.00000000
-7.14505020 10.74824792 0.00000000
-7.21091326 10.37466333 0.00000000
-7.32907408 9.97212373 0.00000000
-7.50386442 9.55472035 0.00000000
-7.73612455 9.13719322 0.00000000
-8.02314997 8.73407467 0.00000000
-8.35884506 8.35884506 0.00000000
-8.73407467 8.02314997 0.00000000
-9.13719322 7.73612455 0.00000000
-9.55472035 7.50386442 0.00000000
-9.97212373 7.32907408 0.00000000
-10.37466333 7.21091326 0.00000000
-10.74824792 7.14505020 0.00000000
-11.08025375 7.12391878 0.00000000
-11.36025776 7.13716445 0.00000000
-11.58064231 7.17225297 0.00000000
-11.73703644 7.21520643 0.00000000
-11.82856763 7.25142352 0.00000000
-11.85790957 7.26653633 0.00000000
-12.24479627 7.06953642 0.00000000
-12.22195984 6.63598276 0.00000000
-12.19420080 6.61812830 0.00000000
-12.11707028 6.55696851 0.00000000
-12.00167443 6.44300395 0.00000000
-11.86109460 6.26968959 0.00000000
-11.70962151 6.03382184 0.00000000
-11.56191894 5.73573064 0.00000000
-11.43216573 5.37926537 0.00000000
-11.33322620 4.97157544 0.00000000
-11.27589739 4.52269834 0.00000000
-11.26827700 4.04497917 0.00000000
-11.31528903 3.55235556 0.00000000
-11.41839470 3.05954964 0.00000000
-11.57550553 2.58121436 0.00000000
-11.78110372 2.13108378 0.00000000
-12.02656276 1.72117704 0.00000000
-12.30064952 1.36110247 0.00000000
-12.59017863 1.05750240 0.00000000
-12.88078084 0.81367103 0.00000000
-13.15774062 0.62936776 0.00000000
-13.40685403 0.50083684 0.00000000
-13.61525692 0.42103212 0.00000000
-13.77217493 0.38003384 0.00000000
-13.86955182 0.36563316 0.00000000
-13.90251909 0.36405027 0.00000000
-14.13907285 0.00000000 0.00000000
-13.90251909 -0.36405027 0.00000000
-13.86955182 -0.36563316 0.00000000
-13.77217493 -0.38003384 0.00000000
-13.61525692 -0.42103212 0.00000000
-13.40685403 -0.50083684 0.00000000
-13.15774062 -0.62936776 0.00000000
-12.88078084 -0.81367103 0.00000000
-12.59017863 -1.05750240 0.00000000
-12.30064952 -1.36110247 0.00000000
-12.02656276 -1.72117704 0.00000000
-11.78110372 -2.13108378 0.00000000
-11.57550553 -2.58121436 0.00000000
-11.41839470 -3.05954964 0.00000000
-11.31528903 -3.55235556 0.00000000
-11.26827700 -4.04497917 0.00000000
-11.27589739 -4.52269834 0.00000000
-11.33322620 -4.97157544 0.00000000
-11.43216573 -5.37926537 0.00000000
-11.56191894 -5.73573064 0.00000000
-11.70962151 -6.03382184 0.00000000
-11.86109460 -6.26968959 0.00000000
-12.00167443 -6.44300395 0.00000000
-12.11707028 -6.55696851 0.00000000
-12.19420080 -6.61812830 0.00000000
-12.22195984 -6.63598276 0.00000000
-12.24479627 -7.06953642 0.00000000
-11.85790957 -7.26653633 0.00000000
-11.82856763 -7.25142352 0.00000000
-11.73703644 -7.21520643 0.00000000
-11.58064231 -7.17225297 0.00000000
-11.36025776 -7.13716445 0.00000000
-11.08025375 -7.12391878 0.00000000
-10.74824792 -7.14505020 0.00000000
-10.37466333 -7.21091326 0.00000000
-9.97212373 -7.32907408 0.00000000
-9.55472035 -7.50386442 0.00000000
-9.13719322 -7.73612455 0.00000000
-8.73407467 -8.02314997 0.00000000
-8.35884506 -8.35884506 0.00000000
-8.02314997 -8.73407467 0.00000000
-7.73612455 -9.13719322 0.00000000
-7.50386442 -9.55472035 0.00000000
-7.32907408 -9.97212373 0.00000000
-7.21091326 -10.37466333 0.00000000
-7.14505020 -10.74824792 0.00000000
-7.12391878 -11.08025375 0.00000000
-7.13716445 -11.36025776 0.00000000
-7.17225297 -11.58064231 0.00000000
-7.21520643 -11.73703644 0.00000000
-7.25142352 -11.82856763 0.00000000
-7.26653633 -11.85790957 0.00000000
-7.06953642 -12.24479627 0.00000000
-6.63598276 -12.22195984 0.00000000
-6.61812830 -12.19420080 0.00000000
-6.55696851 -12.11707028 0.00000000
-6.44300395 -12.00167443 0.00000000
-6.26968959 -11.86109460 0.00000000
-6.03382184 -11.70962151 0.00000000
-5.73573064 -11.56191894 0.00000000
-5.37926537 -11.43216573 0.00000000
-4.97157544 -11.33322620 0.00000000
-4.52269834 -11.27589739 0.00000000
-4.04497917 -11.26827700 0.00000000
-3.55235556 -11.31528903 0.00000000
-3.05954964 -11.41839470 0.00000000
-2.58121436 -11.57550553 0.00000000
-2.13108378 -11.78110372 0.00000000
-1.72117704 -12.02656276 0.00000000
-1.36110247 -12.30064952 0.00000000
-1.05750240 -12.59017863 0.00000000
-0.81367103 -12.88078084 0.00000000
-0.62936776 -13.15774062 0.00000000
-0.50083684 -13.40685403 0.00000000
-0.42103212 -13.61525692 0.00000000
-0.38003384 -13.77217493 0.00000000
-0.36563316 -13.86955182 0.00000000
-0.36405027 -13.90251909 0.00000000
-0.00000000 -14.13907285 0.00000000
0.36405027 -13.90251909 0.00000000
0.36563316 -13.86955182 0.00000000
0.38003384 -13.77217493 0.00000000
0.42103212 -13.61525692 0.00000000
0.50083684 -13.40685403 0.00000000
0.62936776 -13.15774062 0.00000000
0.81367103 -12.88078084 0.00000000
1.05750240 -12.59017863 0.00000000
1.36110247 -12.30064952 0.00000000
1.72117704 -12.02656276 0.00000000
2.13108378 -11.78110372 0.00000000
2.58121436 -11.57550553 0.00000000
3.05954964 -11.41839470 0.00000000
3.55235556 -11.31528903 0.00000000
4.04497917 -11.26827700 0.00000000
4.52269834 -11.27589739 0.00000000
4.97157544 -11.33322620 0.00000000
5.37926537 -11.43216573 0.00000000
5.73573064 -11.56191894 0.00000000
6.03382184 -11.70962151 0.00000000
6.26968959 -11.86109460 0.00000000
6.44300395 -12.00167443 0.00000000
6.55696851 -12.11707028 0.00000000
6.61812830 -12.19420080 0.00000000
6.63598276 -12.22195984 0.00000000
7.06953642 -12.24479627 0.00000000
7.26653633 -11.85790957 0.00000000
7.25142352 -11.82856763 0.00000000
7.21520643 -11.73703644 0.00000000
7.17225297 -11.58064231 0.00000000
7.13716445 -11.36025776 0.00000000
7.12391878 -11.08025375 0.00000000
7.14505020 -10.74824792 0.00000000
7.21091326 -10.37466333 0.00000000
7.32907408 -9.97212373 0.00000000
7.50386442 -9.55472035 0.00000000
7.73612455 -9.13719322 0.00000000
8.02314997 -8.73407467 0.00000000
8.35884506 -8.35884506 0.00000000
8.73407467 -8.02314997 0.00000000
9.13719322 -7.73612455 0.00000000
9.55472035 -7.50386442 0.00000000
9.97212373 -7.32907408 0.00000000
10.37466333 -7.21091326 0.00000000
10.74824792 -7.14505020 0.00000000
11.08025375 -7.12391878 0.00000000
11.36025776 -7.13716445 0.00000000
11.58064231 -7.17225297 0.00000000
11.73703644 -7.21520643 0.00000000
11.82856763 -7.25142352 0.00000000
11.85790957 -7.26653633 0.00000000
12.24479627 -7.06953642 0.00000000
12.22195984 -6.63598276 0.00000000
12.19420080 -6.61812830 0.00000000
12.11707028 -6.55696851 0.00000000
12.00167443 -6.44300395 0.00000000
11.86109460 -6.26968959 0.00000000
11.70962151 -6.03382184 0.00000000
11.56191894 -5.73573064 0.00000000
11.43216573 -5.37926537 0.00000000
11.33322620 -4.97157544 0.00000000
11.27589739 -4.52269834 0.00000000
11.26827700 -4.04497917 0.00000000
11.31528903 -3.55235556 0.00000000
11.41839470 -3.05954964 0.00000000
11.57550553 -2.58121436 0.00000000
11.78110372 -2.13108378 0.00000000
12.02656276 -1.72117704 0.00000000
12.30064952 -1.36110247 0.00000000
12.59017863 -1.05750240 0.00000000
12.88078084 -0.81367103 0.00000000
13.15774062 -0.62936776 0.00000000
13.40685403 -0.50083684 0.00000000
13.61525692 -0.42103212 0.00000000
13.77217493 -0.38003384 0.00000000
13.86955182 -0.36563316 0.00000000
13.90251909 -0.36405027 0.00000000
