34.70039743 -2.17047878 -5.00000000
34.95269840 -1.81903127 -5.00000000
34.73824214 -1.44329247 -5.00000000
34.70657292 -1.43946564 -5.00000000
34.61379691 -1.41821224 -5.00000000
34.46585459 -1.36577263 -5.00000000
34.27183568 -1.27022849 -5.00000000
34.04344155 -1.12220853 -5.00000000
33.79429322 -0.91544348 -5.00000000
33.53912579 -0.64713776 -5.00000000
33.29291707 -0.31813565 -5.00000000
33.07000178 0.06712782 -5.00000000
32.88322386 0.50088824 -5.00000000
32.74317688 0.97251020 -5.00000000
32.65757763 1.46911536 -5.00000000
32.63080974 1.97634323 -5.00000000
32.66366449 2.47919956 -5.00000000
32.75329409 2.96294222 -5.00000000
32.89338010 3.41395221 -5.00000000
33.07450718 3.82053816 -5.00000000
33.28471998 4.17362697 -5.00000000
33.51023018 4.46729945 -5.00000000
33.73623204 4.69913956 -5.00000000
33.94777805 4.87037645 -5.00000000
34.13066300 4.98581090 -5.00000000
34.27226417 5.05353057 -5.00000000
34.36228788 5.08443085 -5.00000000
34.39337841 5.09156969 -5.00000000
34.56709594 5.48779355 -5.00000000
34.27920558 5.81073359 -5.00000000
34.24743277 5.80789239 -5.00000000
34.15226530 5.80939214 -5.00000000
33.99665307 5.82992688 -5.00000000
33.78700919 5.88304435 -5.00000000
33.53283095 5.98034391 -5.00000000
33.24613823 6.13078980 -5.00000000
32.94076293 6.34018010 -5.00000000
32.63153107 6.61080306 -5.00000000
32.33338624 6.94130090 -5.00000000
32.06050600 7.32674930 -5.00000000
31.82546367 7.75894778 -5.00000000
31.63848495 8.22690385 -5.00000000
31.50684339 8.71748222 -5.00000000
31.43443048 9.21618081 -5.00000000
31.42152570 9.70798758 -5.00000000
31.46478025 10.17826743 -5.00000000
31.55741530 10.61362695 -5.00000000
31.68962315 11.00270562 -5.00000000
31.84914747 11.33684685 -5.00000000
32.02200837 11.61060913 -5.00000000
32.19332944 11.82208697 -5.00000000
32.34821775 11.97302282 -5.00000000
32.47264488 12.06870319 -5.00000000
32.55427683 12.11764521 -5.00000000
32.58320371 12.13109213 -5.00000000
32.67074553 12.55477546 -5.00000000
32.32200325 12.81080271 -5.00000000
32.29151547 12.80141766 -5.00000000
32.19811582 12.78309821 -5.00000000
32.04163467 12.77083061 -5.00000000
31.82552828 12.77919992 -5.00000000
31.55667472 12.82152663 -5.00000000
31.24496747 12.90907815 -5.00000000
30.90273066 13.05040168 -5.00000000
30.54399059 13.25081795 -5.00000000
30.18364657 13.51210582 -5.00000000
29.83659019 13.83239626 -5.00000000
29.51682498 14.20628212 -5.00000000
29.23663865 14.62513716 -5.00000000
29.00587680 15.07762540 -5.00000000
28.83136102 15.55037074 -5.00000000
28.71648586 16.02874730 -5.00000000
28.66101851 16.49774353 -5.00000000
28.66111293 16.94284931 -5.00000000
28.70953772 17.35091323 -5.00000000
28.79610418 17.71091965 -5.00000000
28.90826928 18.01463937 -5.00000000
29.03187786 18.25711557 -5.00000000
29.15200016 18.43695620 -5.00000000
29.25381519 18.55641557 -5.00000000
29.32348767 18.62126033 -5.00000000
29.34898665 18.64042764 -5.00000000
29.34652676 19.07305343 -5.00000000
28.95217427 19.25097828 -5.00000000
28.92430399 19.23545955 -5.00000000
28.83675418 19.19812154 -5.00000000
28.68624309 19.15358777 -5.00000000
28.47311907 19.11684314 -5.00000000
28.20134038 19.10234711 -5.00000000
27.87824170 19.12317784 -5.00000000
27.51410078 19.19025807 -5.00000000
27.12153114 19.31170851 -5.00000000
26.71473670 19.49236688 -5.00000000
26.30867221 19.73350113 -5.00000000
25.91815940 20.03273376 -5.00000000
25.55701095 20.38418180 -5.00000000
25.23721421 20.77880400 -5.00000000
24.96822273 21.20493485 -5.00000000
24.75639780 21.64897384 -5.00000000
24.60463274 22.09618907 -5.00000000
24.51218240 22.53158785 -5.00000000
24.47470773 22.94080268 -5.00000000
24.48453297 23.31094027 -5.00000000
24.53110011 23.63134342 -5.00000000
24.60159391 23.89422060 -5.00000000
24.68170028 24.09510611 -5.00000000
24.75645341 24.23312355 -5.00000000
24.81112139 24.31103701 -5.00000000
24.83207805 24.33508701 -5.00000000
24.73972395 24.75774745 -5.00000000
24.31699636 24.84979373 -5.00000000
24.29296163 24.82881956 -5.00000000
24.21508800 24.77409485 -5.00000000
24.07712504 24.69924122 -5.00000000
23.87629792 24.61898858 -5.00000000
23.61347215 24.54830336 -5.00000000
23.29310300 24.50150289 -5.00000000
22.92297266 24.49140810 -5.00000000
22.51373065 24.52858475 -5.00000000
22.07826465 24.62071798 -5.00000000
21.63093902 24.77215730 -5.00000000
21.18674588 24.98365881 -5.00000000
20.76041924 25.25233988 -5.00000000
20.36556426 25.57184915 -5.00000000
20.01385330 25.93274155 -5.00000000
19.71433635 26.32303634 -5.00000000
19.47290645 26.72892512 -5.00000000
19.29195188 27.13558789 -5.00000000
19.17021557 27.52806897 -5.00000000
19.10287017 27.89216095 -5.00000000
19.08180415 28.21524437 -5.00000000
19.09610225 28.48703354 -5.00000000
19.13269166 28.70018427 -5.00000000
19.17711581 28.85072775 -5.00000000
19.21439005 28.93830473 -5.00000000
19.22988848 28.96618631 -5.00000000
19.05167649 29.36040911 -5.00000000
18.61904901 29.36255394 -5.00000000
18.59990028 29.33704101 -5.00000000
18.53510628 29.26732132 -5.00000000
18.41572108 29.16541932 -5.00000000
18.23596798 29.04516608 -5.00000000
17.99358187 28.92138095 -5.00000000
17.68994392 28.80899469 -5.00000000
17.33000064 28.72216608 -5.00000000
16.92197209 28.67344413 -5.00000000
16.47686650 28.67302555 -5.00000000
16.00782999 28.72815134 -5.00000000
15.52936990 28.84267808 -5.00000000
15.05649759 29.01684954 -5.00000000
14.60384142 29.24728179 -5.00000000
14.18478245 29.52716301 -5.00000000
13.81066381 29.84665585 -5.00000000
13.49012071 30.19347888 -5.00000000
13.22857049 30.55363252 -5.00000000
13.02789301 30.91222655 -5.00000000
12.88632028 31.25436035 -5.00000000
12.79854178 31.56600375 -5.00000000
12.75601929 31.83482642 -5.00000000
12.74749260 32.05092666 -5.00000000
12.75964623 32.20741670 -5.00000000
12.77789766 32.30082966 -5.00000000
12.78726051 32.33132427 -5.00000000
12.53097935 32.67988000 -5.00000000
12.10735988 32.59202965 -5.00000000
12.09393403 32.56309299 -5.00000000
12.04505148 32.48142542 -5.00000000
11.94946175 32.35692864 -5.00000000
11.79863874 32.20193045 -5.00000000
11.58728572 32.03045542 -5.00000000
11.31364940 31.85739519 -5.00000000
10.97962443 31.69762757 -5.00000000
10.59064215 31.56513641 -5.00000000
10.15535021 31.47218432 -5.00000000
9.68510198 31.42858730 -5.00000000
9.19328595 31.44113392 -5.00000000
8.69453475 31.51318363 -5.00000000
8.20386064 31.64446788 -5.00000000
7.73576853 31.83110576 -5.00000000
7.30339899 32.06583327 -5.00000000
6.91775196 32.33843273 -5.00000000
6.58703708 32.63633680 -5.00000000
6.31618900 32.94537149 -5.00000000
6.10657636 33.25059422 -5.00000000
5.95592172 33.53717730 -5.00000000
5.85843708 33.79128462 -5.00000000
5.80516695 34.00088975 -5.00000000
5.78451889 34.15648699 -5.00000000
5.78294983 34.25165334 -5.00000000
5.78576789 34.28342821 -5.00000000
5.46261828 34.57108331 -5.00000000
5.06652103 34.39707727 -5.00000000
5.05940483 34.36598155 -5.00000000
5.02857012 34.27593536 -5.00000000
4.96095360 34.13428491 -5.00000000
4.84565237 33.95131594 -5.00000000
4.67456958 33.73964528 -5.00000000
4.44289412 33.51347465 -5.00000000
4.14938595 33.28775064 -5.00000000
3.79645033 33.07728076 -5.00000000
3.38999638 32.89585762 -5.00000000
2.93908854 32.75544319 -5.00000000
2.45541128 32.66546133 -5.00000000
1.95257901 32.63224037 -5.00000000
1.44533178 32.65863887 -5.00000000
0.94866441 32.74387644 -5.00000000
0.47694058 32.88357991 -5.00000000
0.04304425 33.07004190 -5.00000000
-0.34238145 33.29267656 -5.00000000
-0.67156278 33.53864562 -5.00000000
-0.94005425 33.79361758 -5.00000000
-1.14700069 34.04261526 -5.00000000
-1.29518695 34.27090153 -5.00000000
-1.39087235 34.46485081 -5.00000000
-1.44341969 34.61275490 -5.00000000
-1.46474066 34.70551542 -5.00000000
-1.46859054 34.73718184 -5.00000000
-1.84448542 34.95136440 -5.00000000
-2.19574911 34.69880756 -5.00000000
-2.19624463 34.66691182 -5.00000000
-2.20768387 34.57242245 -5.00000000
-2.24437203 34.41980914 -5.00000000
-2.31911227 34.21686601 -5.00000000
-2.44244768 33.97425075 -5.00000000
-2.62203696 33.70485445 -5.00000000
-2.86220061 33.42303927 -5.00000000
-3.16366459 33.14378922 -5.00000000
-3.52351655 32.88182408 -5.00000000
-3.93537718 32.65072904 -5.00000000
-4.38977665 32.46215134 -5.00000000
-4.87471380 32.32511163 -5.00000000
-5.37636501 32.24547063 -5.00000000
-5.87990090 32.22558260 -5.00000000
-6.37036241 32.26415632 -5.00000000
-6.83354469 32.35633154 -5.00000000
-7.25683627 32.49396659 -5.00000000
-7.62996404 32.66611999 -5.00000000
-7.94559998 32.85969769 -5.00000000
-8.19979367 33.06022759 -5.00000000
-8.39220509 33.25271560 -5.00000000
-8.52612386 33.42253251 -5.00000000
-8.60827390 33.55627933 -5.00000000
-8.64841495 33.64257993 -5.00000000
-8.65876453 33.67275393 -5.00000000
-9.07097626 33.80410315 -5.00000000
-9.36205447 33.48403345 -5.00000000
-9.35590767 33.45273168 -5.00000000
-9.34745149 33.35792879 -5.00000000
-9.35160784 33.20102255 -5.00000000
-9.38252057 32.98697484 -5.00000000
-9.45271825 32.72401843 -5.00000000
-9.57237243 32.42317037 -5.00000000
-9.74869526 32.09758070 -5.00000000
-9.98551219 31.76175505 -5.00000000
-10.28303490 31.43069705 -5.00000000
-10.63784802 31.11902135 -5.00000000
-11.04311027 30.84008956 -5.00000000
-11.48895822 30.60522040 -5.00000000
-11.96308886 30.42302059 -5.00000000
-12.45148632 30.29887616 -5.00000000
-12.93925000 30.23463427 -5.00000000
-13.41147495 30.22849423 -5.00000000
-13.85413252 30.27511436 -5.00000000
-14.25489926 30.36592817 -5.00000000
-14.60388486 30.48965133 -5.00000000
-14.89421633 30.63294933 -5.00000000
-15.12244360 30.78122643 -5.00000000
-15.28874284 30.91948915 -5.00000000
-15.39690524 31.03323334 -5.00000000
-15.45411201 31.10930227 -5.00000000
-15.47050895 31.13666509 -5.00000000
-15.90102191 31.17944038 -5.00000000
-16.11919313 30.80584641 -5.00000000
-16.10667265 30.77650665 -5.00000000
-16.07869063 30.68553356 -5.00000000
-16.05013350 30.53119195 -5.00000000
-16.03586769 30.31539458 -5.00000000
-16.04985968 30.04358948 -5.00000000
-16.10434930 29.72443817 -5.00000000
-16.20912516 29.36930384 -5.00000000
-16.37094498 28.99157977 -5.00000000
-16.59313528 28.60589774 -5.00000000
-16.87539387 28.22726310 -5.00000000
-17.21380698 27.87016788 -5.00000000
-17.60108004 27.54773417 -5.00000000
-18.02696831 27.27093856 -5.00000000
-18.47888204 27.04796345 -5.00000000
-18.94263028 26.88371363 -5.00000000
-19.40325939 26.77952668 -5.00000000
-19.84593670 26.73309436 -5.00000000
-20.25682697 26.73859957 -5.00000000
-20.62390990 26.78706090 -5.00000000
-20.93769025 26.86686419 -5.00000000
-21.19175876 26.96444996 -5.00000000
-21.38317040 27.06511576 -5.00000000
-21.51261793 27.15388613 -5.00000000
-21.58439022 27.21639881 -5.00000000
-21.60611790 27.23975458 -5.00000000
-22.03611660 27.19208645 -5.00000000
-22.17184570 26.78129606 -5.00000000
-22.15349874 26.75520060 -5.00000000
-22.10721383 26.67203328 -5.00000000
-22.04719132 26.52700176 -5.00000000
-21.98837045 26.31888610 -5.00000000
-21.94554523 26.05011150 -5.00000000
-21.93248883 25.72660539 -5.00000000
-21.96113850 25.35744747 -5.00000000
-22.04088893 24.95433334 -5.00000000
-22.17803603 24.53088343 -5.00000000
-22.37540402 24.10183800 -5.00000000
-22.63217772 23.68218613 -5.00000000
-22.94395020 23.28627978 -5.00000000
-23.30298275 22.92698566 -5.00000000
-23.69866195 22.61492494 -5.00000000
-24.11812671 22.35784569 -5.00000000
-24.54702829 22.16016530 -5.00000000
-24.97037822 22.02270985 -5.00000000
-25.37343415 21.94266587 -5.00000000
-25.74257111 21.91374737 -5.00000000
-26.06608665 21.92656816 -5.00000000
-26.33489237 21.96919764 -5.00000000
-26.54305080 22.02786693 -5.00000000
-26.68812599 22.08778380 -5.00000000
-26.77132700 22.13400813 -5.00000000
-26.79743581 22.15233608 -5.00000000
-27.20812725 22.01630786 -5.00000000
-27.25548222 21.58627456 -5.00000000
-27.23211063 21.56456389 -5.00000000
-27.16954570 21.49283715 -5.00000000
-27.08068108 21.36345430 -5.00000000
-26.97987591 21.17211602 -5.00000000
-26.88210514 20.91811865 -5.00000000
-26.80207335 20.60439650 -5.00000000
-26.75334471 20.23734896 -5.00000000
-26.74754026 19.82646281 -5.00000000
-26.79365019 19.38375180 -5.00000000
-26.89750165 18.92304693 -5.00000000
-27.06141370 18.45917921 -5.00000000
-27.28405964 18.00710321 -5.00000000
-27.56054502 17.58101347 -5.00000000
-27.88269661 17.19350570 -5.00000000
-28.23954528 16.85483262 -5.00000000
-28.61797426 16.57229837 -5.00000000
-29.00349438 16.34982725 -5.00000000
-29.38110050 16.18773238 -5.00000000
-29.73615843 16.08269793 -5.00000000
-30.05526998 16.02797589 -5.00000000
-30.32706481 16.01378596 -5.00000000
-30.54287251 16.02789461 -5.00000000
-30.69723489 16.05633933 -5.00000000
-30.78822833 16.08425509 -5.00000000
-30.81757720 16.09675420 -5.00000000
-31.19101218 15.87831097 -5.00000000
-31.14792338 15.44782927 -5.00000000
-31.12054862 15.43145227 -5.00000000
-31.04443805 15.37430091 -5.00000000
-30.93061513 15.26622137 -5.00000000
-30.79223133 15.10002287 -5.00000000
-30.64378806 14.87190364 -5.00000000
-30.50027866 14.58167661 -5.00000000
-30.37630138 14.23278120 -5.00000000
-30.28519574 13.83208070 -5.00000000
-30.23825325 13.38945720 -5.00000000
-30.24404939 12.91722791 -5.00000000
-30.30793604 12.42941757 -5.00000000
-30.43172475 11.94092983 -5.00000000
-30.61357923 11.46666663 -5.00000000
-30.84812363 11.02064775 -5.00000000
-31.12676021 10.61518248 -5.00000000
-31.43817743 10.26014247 -5.00000000
-31.76901867 9.96237874 -5.00000000
-32.10467177 9.72531731 -5.00000000
-32.43013295 9.54875741 -5.00000000
-32.73089379 9.42888417 -5.00000000
-32.99379900 9.35849500 -5.00000000
-33.20782414 9.32742639 -5.00000000
-33.36472731 9.32315578 -5.00000000
-33.45953634 9.33154292 -5.00000000
-33.49084258 9.33766692 -5.00000000
-33.81070021 9.04635569 -5.00000000
-33.67905083 8.63423973 -5.00000000
-33.64886930 8.62391213 -5.00000000
-33.56253949 8.58383394 -5.00000000
-33.42873287 8.50178132 -5.00000000
-33.25881848 8.36798626 -5.00000000
-33.06619040 8.17571507 -5.00000000
-32.86547543 7.92166748 -5.00000000
-32.67166792 7.60617260 -5.00000000
-32.49924283 7.23317030 -5.00000000
-32.36129956 6.80997907 -5.00000000
-32.26878704 6.34686404 -5.00000000
-32.22985615 5.85643075 -5.00000000
-32.24937746 5.35288052 -5.00000000
-32.32865312 4.85117143 -5.00000000
-32.46533962 4.36613461 -5.00000000
-32.65358635 3.91159793 -5.00000000
-32.88438140 3.49956911 -5.00000000
-33.14608440 3.13952647 -5.00000000
-33.42511483 2.83785920 -5.00000000
-33.70675503 2.59749038 -5.00000000
-33.97602048 2.41770496 -5.00000000
-34.21854585 2.29419289 -5.00000000
-34.42143450 2.21930488 -5.00000000
-34.57402105 2.18250559 -5.00000000
-34.66850206 2.17099754 -5.00000000
-34.70039743 2.17047878 -5.00000000
-34.95269840 1.81903127 -5.00000000
-34.73824214 1.44329247 -5.00000000
-34.70657292 1.43946564 -5.00000000
-34.61379691 1.41821224 -5.00000000
-34.46585459 1.36577263 -5.00000000
-34.27183568 1.27022849 -5.00000000
-34.04344155 1.12220853 -5.00000000
-33.79429322 0.91544348 -5.00000000
-33.53912579 0.64713776 -5.00000000
-33.29291707 0.31813565 -5.00000000
-33.07000178 -0.06712782 -5.00000000
-32.88322386 -0.50088824 -5.00000000
-32.74317688 -0.97251020 -5.00000000
-32.65757763 -1.46911536 -5.00000000
-32.63080974 -1.97634323 -5.00000000
-32.66366449 -2.47919956 -5.00000000
-32.75329409 -2.96294222 -5.00000000
-32.89338010 -3.41395221 -5.00000000
-33.07450718 -3.82053816 -5.00000000
-33.28471998 -4.17362697 -5.00000000
-33.51023018 -4.46729945 -5.00000000
-33.73623204 -4.69913956 -5.00000000
-33.94777805 -4.87037645 -5.00000000
-34.13066300 -4.98581090 -5.00000000
-34.27226417 -5.05353057 -5.00000000
-34.36228788 -5.08443085 -5.00000000
-34.39337841 -5.09156969 -5.00000000
-34.56709594 -5.48779355 -5.00000000
-34.27920558 -5.81073359 -5.00000000
-34.24743277 -5.80789239 -5.00000000
-34.15226530 -5.80939214 -5.00000000
-33.99665307 -5.82992688 -5.00000000
-33.78700919 -5.88304435 -5.00000000
-33.53283095 -5.98034391 -5.00000000
-33.24613823 -6.13078980 -5.00000000
-32.94076293 -6.34018010 -5.00000000
-32.63153107 -6.61080306 -5.00000000
-32.33338624 -6.94130090 -5.00000000
-32.06050600 -7.32674930 -5.00000000
-31.82546367 -7.75894778 -5.00000000
-31.63848495 -8.22690385 -5.00000000
-31.50684339 -8.71748222 -5.00000000
-31.43443048 -9.21618081 -5.00000000
-31.42152570 -9.70798758 -5.00000000
-31.46478025 -10.17826743 -5.00000000
-31.55741530 -10.61362695 -5.00000000
-31.68962315 -11.00270562 -5.00000000
-31.84914747 -11.33684685 -5.00000000
-32.02200837 -11.61060913 -5.00000000
-32.19332944 -11.82208697 -5.00000000
-32.34821775 -11.97302282 -5.00000000
-32.47264488 -12.06870319 -5.00000000
-32.55427683 -12.11764521 -5.00000000
-32.58320371 -12.13109213 -5.00000000
-32.67074553 -12.55477546 -5.00000000
-32.32200325 -12.81080271 -5.00000000
-32.29151547 -12.80141766 -5.00000000
-32.19811582 -12.78309821 -5.00000000
-32.04163467 -12.77083061 -5.00000000
-31.82552828 -12.77919992 -5.00000000
-31.55667472 -12.82152663 -5.00000000
-31.24496747 -12.90907815 -5.00000000
-30.90273066 -13.05040168 -5.00000000
-30.54399059 -13.25081795 -5.00000000
-30.18364657 -13.51210582 -5.00000000
-29.83659019 -13.83239626 -5.00000000
-29.51682498 -14.20628212 -5.00000000
-29.23663865 -14.62513716 -5.00000000
-29.00587680 -15.07762540 -5.00000000
-28.83136102 -15.55037074 -5.00000000
-28.71648586 -16.02874730 -5.00000000
-28.66101851 -16.49774353 -5.00000000
-28.66111293 -16.94284931 -5.00000000
-28.70953772 -17.35091323 -5.00000000
-28.79610418 -17.71091965 -5.00000000
-28.90826928 -18.01463937 -5.00000000
-29.03187786 -18.25711557 -5.00000000
-29.15200016 -18.43695620 -5.00000000
-29.25381519 -18.55641557 -5.00000000
-29.32348767 -18.62126033 -5.00000000
-29.34898665 -18.64042764 -5.00000000
-29.34652676 -19.07305343 -5.00000000
-28.95217427 -19.25097828 -5.00000000
-28.92430399 -19.23545955 -5.00000000
-28.83675418 -19.19812154 -5.00000000
-28.68624309 -19.15358777 -5.00000000
-28.47311907 -19.11684314 -5.00000000
-28.20134038 -19.10234711 -5.00000000
-27.87824170 -19.12317784 -5.00000000
-27.51410078 -19.19025807 -5.00000000
-27.12153114 -19.31170851 -5.00000000
-26.71473670 -19.49236688 -5.00000000
-26.30867221 -19.73350113 -5.00000000
-25.91815940 -20.03273376 -5.00000000
-25.55701095 -20.38418180 -5.00000000
-25.23721421 -20.77880400 -5.00000000
-24.96822273 -21.20493485 -5.00000000
-24.75639780 -21.64897384 -5.00000000
-24.60463274 -22.09618907 -5.00000000
-24.51218240 -22.53158785 -5.00000000
-24.47470773 -22.94080268 -5.00000000
-24.48453297 -23.31094027 -5.00000000
-24.53110011 -23.63134342 -5.00000000
-24.60159391 -23.89422060 -5.00000000
-24.68170028 -24.09510611 -5.00000000
-24.75645341 -24.23312355 -5.00000000
-24.81112139 -24.31103701 -5.00000000
-24.83207805 -24.33508701 -5.00000000
-24.73972395 -24.75774745 -5.00000000
-24.31699636 -24.84979373 -5.00000000
-24.29296163 -24.82881956 -5.00000000
-24.21508800 -24.77409485 -5.00000000
-24.07712504 -24.69924122 -5.00000000
-23.87629792 -24.61898858 -5.00000000
-23.61347215 -24.54830336 -5.00000000
-23.29310300 -24.50150289 -5.00000000
-22.92297266 -24.49140810 -5.00000000
-22.51373065 -24.52858475 -5.00000000
-22.07826465 -24.62071798 -5.00000000
-21.63093902 -24.77215730 -5.00000000
-21.18674588 -24.98365881 -5.00000000
-20.76041924 -25.25233988 -5.00000000
-20.36556426 -25.57184915 -5.00000000
-20.01385330 -25.93274155 -5.00000000
-19.71433635 -26.32303634 -5.00000000
-19.47290645 -26.72892512 -5.00000000
-19.29195188 -27.13558789 -5.00000000
-19.17021557 -27.52806897 -5.00000000
-19.10287017 -27.89216095 -5.00000000
-19.08180415 -28.21524437 -5.00000000
-19.09610225 -28.48703354 -5.00000000
-19.13269166 -28.70018427 -5.00000000
-19.17711581 -28.85072775 -5.00000000
-19.21439005 -28.93830473 -5.00000000
-19.22988848 -28.96618631 -5.00000000
-19.05167649 -29.36040911 -5.00000000
-18.61904901 -29.36255394 -5.00000000
-18.59990028 -29.33704101 -5.00000000
-18.53510628 -29.26732132 -5.00000000
-18.41572108 -29.16541932 -5.00000000
-18.23596798 -29.04516608 -5.00000000
-17.99358187 -28.92138095 -5.00000000
-17.68994392 -28.80899469 -5.00000000
-17.33000064 -28.72216608 -5.00000000
-16.92197209 -28.67344413 -5.00000000
-16.47686650 -28.67302555 -5.00000000
-16.00782999 -28.72815134 -5.00000000
-15.52936990 -28.84267808 -5.00000000
-15.05649759 -29.01684954 -5.00000000
-14.60384142 -29.24728179 -5.00000000
-14.18478245 -29.52716301 -5.00000000
-13.81066381 -29.84665585 -5.00000000
-13.49012071 -30.19347888 -5.00000000
-13.22857049 -30.55363252 -5.00000000
-13.02789301 -30.91222655 -5.00000000
-12.88632028 -31.25436035 -5.00000000
-12.79854178 -31.56600375 -5.00000000
-12.75601929 -31.83482642 -5.00000000
-12.74749260 -32.05092666 -5.00000000
-12.75964623 -32.20741670 -5.00000000
-12.77789766 -32.30082966 -5.00000000
-12.78726051 -32.33132427 -5.00000000
-12.53097935 -32.67988000 -5.00000000
-12.10735988 -32.59202965 -5.00000000
-12.09393403 -32.56309299 -5.00000000
-12.04505148 -32.48142542 -5.00000000
-11.94946175 -32.35692864 -5.00000000
-11.79863874 -32.20193045 -5.00000000
-11.58728572 -32.03045542 -5.00000000
-11.31364940 -31.85739519 -5.00000000
-10.97962443 -31.69762757 -5.00000000
-10.59064215 -31.56513641 -5.00000000
-10.15535021 -31.47218432 -5.00000000
-9.68510198 -31.42858730 -5.00000000
-9.19328595 -31.44113392 -5.00000000
-8.69453475 -31.51318363 -5.00000000
-8.20386064 -31.64446788 -5.00000000
-7.73576853 -31.83110576 -5.00000000
-7.30339899 -32.06583327 -5.00000000
-6.91775196 -32.33843273 -5.00000000
-6.58703708 -32.63633680 -5.00000000
-6.31618900 -32.94537149 -5.00000000
-6.10657636 -33.25059422 -5.00000000
-5.95592172 -33.53717730 -5.00000000
-5.85843708 -33.79128462 -5.00000000
-5.80516695 -34.00088975 -5.00000000
-5.78451889 -34.15648699 -5.00000000
-5.78294983 -34.25165334 -5.00000000
-5.78576789 -34.28342821 -5.00000000
-5.46261828 -34.57108331 -5.00000000
-5.06652103 -34.39707727 -5.00000000
-5.05940483 -34.36598155 -5.00000000
-5.02857012 -34.27593536 -5.00000000
-4.96095360 -34.13428491 -5.00000000
-4.84565237 -33.95131594 -5.00000000
-4.67456958 -33.73964528 -5.00000000
-4.44289412 -33.51347465 -5.00000000
-4.14938595 -33.28775064 -5.00000000
-3.79645033 -33.07728076 -5.00000000
-3.38999638 -32.89585762 -5.00000000
-2.93908854 -32.75544319 -5.00000000
-2.45541128 -32.66546133 -5.00000000
-1.95257901 -32.63224037 -5.00000000
-1.44533178 -32.65863887 -5.00000000
-0.94866441 -32.74387644 -5.00000000
-0.47694058 -32.88357991 -5.00000000
-0.04304425 -33.07004190 -5.00000000
0.34238145 -33.29267656 -5.00000000
0.67156278 -33.53864562 -5.00000000
0.94005425 -33.79361758 -5.00000000
1.14700069 -34.04261526 -5.00000000
1.29518695 -34.27090153 -5.00000000
1.39087235 -34.46485081 -5.00000000
1.44341969 -34.61275490 -5.00000000
1.46474066 -34.70551542 -5.00000000
1.46859054 -34.73718184 -5.00000000
1.84448542 -34.95136440 -5.00000000
2.19574911 -34.69880756 -5.00000000
2.19624463 -34.66691182 -5.00000000
2.20768387 -34.57242245 -5.00000000
2.24437203 -34.41980914 -5.00000000
2.31911227 -34.21686601 -5.00000000
2.44244768 -33.97425075 -5.00000000
2.62203696 -33.70485445 -5.00000000
2.86220061 -33.42303927 -5.00000000
3.16366459 -33.14378922 -5.00000000
3.52351655 -32.88182408 -5.00000000
3.93537718 -32.65072904 -5.00000000
4.38977665 -32.46215134 -5.00000000
4.87471380 -32.32511163 -5.00000000
5.37636501 -32.24547063 -5.00000000
5.87990090 -32.22558260 -5.00000000
6.37036241 -32.26415632 -5.00000000
6.83354469 -32.35633154 -5.00000000
7.25683627 -32.49396659 -5.00000000
7.62996404 -32.66611999 -5.00000000
7.94559998 -32.85969769 -5.00000000
8.19979367 -33.06022759 -5.00000000
8.39220509 -33.25271560 -5.00000000
8.52612386 -33.42253251 -5.00000000
8.60827390 -33.55627933 -5.00000000
8.64841495 -33.64257993 -5.00000000
8.65876453 -33.67275393 -5.00000000
9.07097626 -33.80410315 -5.00000000
9.36205447 -33.48403345 -5.00000000
9.35590767 -33.45273168 -5.00000000
9.34745149 -33.35792879 -5.00000000
9.35160784 -33.20102255 -5.00000000
9.38252057 -32.98697484 -5.00000000
9.45271825 -32.72401843 -5.00000000
9.57237243 -32.42317037 -5.00000000
9.74869526 -32.09758070 -5.00000000
9.98551219 -31.76175505 -5.00000000
10.28303490 -31.43069705 -5.00000000
10.63784802 -31.11902135 -5.00000000
11.04311027 -30.84008956 -5.00000000
11.48895822 -30.60522040 -5.00000000
11.96308886 -30.42302059 -5.00000000
12.45148632 -30.29887616 -5.00000000
12.93925000 -30.23463427 -5.00000000
13.41147495 -30.22849423 -5.00000000
13.85413252 -30.27511436 -5.00000000
14.25489926 -30.36592817 -5.00000000
14.60388486 -30.48965133 -5.00000000
14.89421633 -30.63294933 -5.00000000
15.12244360 -30.78122643 -5.00000000
15.28874284 -30.91948915 -5.00000000
15.39690524 -31.03323334 -5.00000000
15.45411201 -31.10930227 -5.00000000
15.47050895 -31.13666509 -5.00000000
15.90102191 -31.17944038 -5.00000000
16.11919313 -30.80584641 -5.00000000
16.10667265 -30.77650665 -5.00000000
16.07869063 -30.68553356 -5.00000000
16.05013350 -30.53119195 -5.00000000
16.03586769 -30.31539458 -5.00000000
16.04985968 -30.04358948 -5.00000000
16.10434930 -29.72443817 -5.00000000
16.20912516 -29.36930384 -5.00000000
16.37094498 -28.99157977 -5.00000000
16.59313528 -28.60589774 -5.00000000
16.87539387 -28.22726310 -5.00000000
17.21380698 -27.87016788 -5.00000000
17.60108004 -27.54773417 -5.00000000
18.02696831 -27.27093856 -5.00000000
18.47888204 -27.04796345 -5.00000000
18.94263028 -26.88371363 -5.00000000
19.40325939 -26.77952668 -5.00000000
19.84593670 -26.73309436 -5.00000000
20.25682697 -26.73859957 -5.00000000
20.62390990 -26.78706090 -5.00000000
20.93769025 -26.86686419 -5.00000000
21.19175876 -26.96444996 -5.00000000
21.38317040 -27.06511576 -5.00000000
21.51261793 -27.15388613 -5.00000000
21.58439022 -27.21639881 -5.00000000
21.60611790 -27.23975458 -5.00000000
22.03611660 -27.19208645 -5.00000000
22.17184570 -26.78129606 -5.00000000
22.15349874 -26.75520060 -5.00000000
22.10721383 -26.67203328 -5.00000000
22.04719132 -26.52700176 -5.00000000
21.98837045 -26.31888610 -5.00000000
21.94554523 -26.05011150 -5.00000000
21.93248883 -25.72660539 -5.00000000
21.96113850 -25.35744747 -5.00000000
22.04088893 -24.95433334 -5.00000000
22.17803603 -24.53088343 -5.00000000
22.37540402 -24.10183800 -5.00000000
22.63217772 -23.68218613 -5.00000000
22.94395020 -23.28627978 -5.00000000
23.30298275 -22.92698566 -5.00000000
23.69866195 -22.61492494 -5.00000000
24.11812671 -22.35784569 -5.00000000
24.54702829 -22.16016530 -5.00000000
24.97037822 -22.02270985 -5.00000000
25.37343415 -21.94266587 -5.00000000
25.74257111 -21.91374737 -5.00000000
26.06608665 -21.92656816 -5.00000000
26.33489237 -21.96919764 -5.00000000
26.54305080 -22.02786693 -5.00000000
26.68812599 -22.08778380 -5.00000000
26.77132700 -22.13400813 -5.00000000
26.79743581 -22.15233608 -5.00000000
27.20812725 -22.01630786 -5.00000000
27.25548222 -21.58627456 -5.00000000
27.23211063 -21.56456389 -5.00000000
27.16954570 -21.49283715 -5.00000000
27.08068108 -21.36345430 -5.00000000
26.97987591 -21.17211602 -5.00000000
26.88210514 -20.91811865 -5.00000000
26.80207335 -20.60439650 -5.00000000
26.75334471 -20.23734896 -5.00000000
26.74754026 -19.82646281 -5.00000000
26.79365019 -19.38375180 -5.00000000
26.89750165 -18.92304693 -5.00000000
27.06141370 -18.45917921 -5.00000000
27.28405964 -18.00710321 -5.00000000
27.56054502 -17.58101347 -5.00000000
27.88269661 -17.19350570 -5.00000000
28.23954528 -16.85483262 -5.00000000
28.61797426 -16.57229837 -5.00000000
29.00349438 -16.34982725 -5.00000000
29.38110050 -16.18773238 -5.00000000
29.73615843 -16.08269793 -5.00000000
30.05526998 -16.02797589 -5.00000000
30.32706481 -16.01378596 -5.00000000
30.54287251 -16.02789461 -5.00000000
30.69723489 -16.05633933 -5.00000000
30.78822833 -16.08425509 -5.00000000
30.81757720 -16.09675420 -5.00000000
31.19101218 -15.87831097 -5.00000000
31.14792338 -15.44782927 -5.00000000
31.12054862 -15.43145227 -5.00000000
31.04443805 -15.37430091 -5.00000000
30.93061513 -15.26622137 -5.00000000
30.79223133 -15.10002287 -5.00000000
30.64378806 -14.87190364 -5.00000000
30.50027866 -14.58167661 -5.00000000
30.37630138 -14.23278120 -5.00000000
30.28519574 -13.83208070 -5.00000000
30.23825325 -13.38945720 -5.00000000
30.24404939 -12.91722791 -5.00000000
30.30793604 -12.42941757 -5.00000000
30.43172475 -11.94092983 -5.00000000
30.61357923 -11.46666663 -5.00000000
30.84812363 -11.02064775 -5.00000000
31.12676021 -10.61518248 -5.00000000
31.43817743 -10.26014247 -5.00000000
31.76901867 -9.96237874 -5.00000000
32.10467177 -9.72531731 -5.00000000
32.43013295 -9.54875741 -5.00000000
32.73089379 -9.42888417 -5.00000000
32.99379900 -9.35849500 -5.00000000
33.20782414 -9.32742639 -5.00000000
33.36472731 -9.32315578 -5.00000000
33.45953634 -9.33154292 -5.00000000
33.49084258 -9.33766692 -5.00000000
33.81070021 -9.04635569 -5.00000000
33.67905083 -8.63423973 -5.00000000
33.64886930 -8.62391213 -5.00000000
33.56253949 -8.58383394 -5.00000000
33.42873287 -8.50178132 -5.00000000
33.25881848 -8.36798626 -5.00000000
33.06619040 -8.17571507 -5.00000000
32.86547543 -7.92166748 -5.00000000
32.67166792 -7.60617260 -5.00000000
32.49924283 -7.23317030 -5.00000000
32.36129956 -6.80997907 -5.00000000
32.26878704 -6.34686404 -5.00000000
32.22985615 -5.85643075 -5.00000000
32.24937746 -5.35288052 -5.00000000
32.32865312 -4.85117143 -5.00000000
32.46533962 -4.36613461 -5.00000000
32.65358635 -3.91159793 -5.00000000
32.88438140 -3.49956911 -5.00000000
33.14608440 -3.13952647 -5.00000000
33.42511483 -2.83785920 -5.00000000
33.70675503 -2.59749038 -5.00000000
33.97602048 -2.41770496 -5.00000000
34.21854585 -2.29419289 -5.00000000
34.42143450 -2.21930488 -5.00000000
34.57402105 -2.18250559 -5.00000000
34.66850206 -2.17099754 -5.00000000
34.70039743 -2.17047878 -5.00000000
