34.76630556 -0.36408521 0.00000000
35.00000000 0.00000000 0.00000000
34.76630556 0.36408521 0.00000000
34.73448025 0.36626094 0.00000000
34.64072503 0.38266384 0.00000000
34.49025724 0.42734367 0.00000000
34.29153489 0.51267507 0.00000000
34.05575650 0.64862481 0.00000000
33.79619882 0.84216161 0.00000000
33.52743178 1.09684307 0.00000000
33.26445680 1.41260451 0.00000000
33.02181973 1.78576188 0.00000000
32.81275070 2.20922880 0.00000000
32.64838170 2.67293481 0.00000000
32.53708841 3.16442003 0.00000000
32.48399489 3.66957121 0.00000000
32.49067063 4.17345547 0.00000000
32.55503786 4.66120263 0.00000000
32.67149451 5.11888368 0.00000000
32.83124560 5.53433374 0.00000000
33.02282345 5.89787061 0.00000000
33.23276604 6.20286648 0.00000000
33.44641319 6.44613911 0.00000000
33.64877372 6.62813911 0.00000000
33.82541211 6.75292251 0.00000000
33.96330236 6.82791000 0.00000000
34.05159845 6.86344726 0.00000000
34.08227594 6.87219230 0.00000000
34.23516603 7.27690918 0.00000000
33.93088080 7.58445045 0.00000000
33.89929859 7.57996178 0.00000000
33.80418179 7.57651343 0.00000000
33.64771262 7.58893289 0.00000000
33.43559144 7.63108289 0.00000000
33.17669983 7.71504072 0.00000000
32.88257555 7.85038320 0.00000000
32.56673045 8.04361945 0.00000000
32.24385161 8.29780517 0.00000000
31.92893297 8.61236107 0.00000000
31.63638887 8.98310633 0.00000000
31.37920184 9.40250501 0.00000000
31.16815505 9.86011093 0.00000000
31.01119491 10.34318457 0.00000000
30.91296134 10.83744572 0.00000000
30.87451366 11.32791713 0.00000000
30.89326821 11.79980946 0.00000000
30.96315142 12.23939506 0.00000000
31.07495928 12.63481904 0.00000000
31.21690191 12.97679954 0.00000000
31.37530113 13.25917582 0.00000000
31.53539967 13.47927181 0.00000000
31.68223417 13.63805358 0.00000000
31.80152041 13.74007140 0.00000000
31.88049840 13.79318988 0.00000000
31.90868732 13.80812203 0.00000000
31.97409102 14.23578251 0.00000000
31.61251373 14.47333880 0.00000000
31.58255491 14.46238191 0.00000000
31.49023360 14.43923302 0.00000000
31.33460150 14.41884932 0.00000000
31.11835220 14.41597577 0.00000000
30.84766217 14.44427233 0.00000000
30.53182593 14.51550537 0.00000000
30.18270674 14.63885106 0.00000000
29.81403539 14.82035193 0.00000000
29.44059863 15.06255876 0.00000000
29.07736505 15.36437900 0.00000000
28.73860027 15.72114063 0.00000000
28.43702375 16.12486766 0.00000000
28.18305690 16.56475114 0.00000000
27.98420730 17.02778759 0.00000000
27.84462505 17.49954730 0.00000000
27.76485784 17.96502694 0.00000000
27.74181895 18.40953607 0.00000000
27.76897027 18.81956526 0.00000000
27.83670937 19.18358420 0.00000000
27.93293786 19.49272293 0.00000000
28.04377733 19.74129565 0.00000000
28.15439056 19.92713626 0.00000000
28.24985941 20.05172576 0.00000000
28.31606759 20.12010391 0.00000000
28.34053594 20.14057056 0.00000000
28.31559480 20.57248383 0.00000000
27.91252811 20.72967281 0.00000000
27.88550204 20.71272656 0.00000000
27.80001109 20.67088885 0.00000000
27.65201794 20.61859285 0.00000000
27.44109165 20.57082133 0.00000000
27.17043366 20.54221992 0.00000000
26.84668902 20.54623031 0.00000000
26.47955390 20.59429463 0.00000000
26.08120276 20.69517819 0.00000000
25.66556885 20.85445035 0.00000000
25.24752084 21.07415459 0.00000000
24.84198398 21.35268696 0.00000000
24.46305805 21.68489030 0.00000000
24.12318407 22.06235860 0.00000000
23.83240912 22.47393344 0.00000000
23.59779272 22.90636328 0.00000000
23.42298996 23.34508653 0.00000000
23.30803588 23.77509203 0.00000000
23.24934401 24.18180616 0.00000000
23.23991905 24.55195417 0.00000000
23.26977117 24.87434450 0.00000000
23.32650736 25.14053014 0.00000000
23.39606498 25.34530747 0.00000000
23.46354399 25.48702347 0.00000000
23.51408875 25.56767286 0.00000000
23.53376716 25.59277952 0.00000000
23.41957122 26.01006889 0.00000000
22.99263108 26.08002063 0.00000000
22.96971891 26.05782567 0.00000000
22.89479470 25.99912764 0.00000000
22.76090850 25.91720493 0.00000000
22.56452371 25.82662329 0.00000000
22.30572682 25.74237393 0.00000000
21.98822297 25.67898638 0.00000000
21.61911750 25.64966871 0.00000000
21.20849641 25.66552585 0.00000000
20.76883056 25.73490239 0.00000000
20.31423882 25.86288850 0.00000000
19.85965378 26.05101841 0.00000000
19.41993933 26.29717919 0.00000000
19.00901234 26.59573512 0.00000000
18.63902030 26.93786054 0.00000000
18.31962361 27.31206127 0.00000000
18.05742502 27.70485383 0.00000000
17.85557979 28.10156237 0.00000000
17.71360986 28.48718610 0.00000000
17.62743276 28.84728593 0.00000000
17.58960381 29.16883786 0.00000000
17.58975708 29.44100282 0.00000000
17.61521910 29.65576712 0.00000000
17.65175912 29.80841596 0.00000000
17.68443140 29.89781182 0.00000000
17.69845982 29.92646120 0.00000000
17.50000000 30.31088913 0.00000000
17.06784574 30.29054641 0.00000000
17.05004885 30.26407276 0.00000000
16.98896591 30.19107980 0.00000000
16.87503814 30.08311079 0.00000000
16.70177782 29.95367788 0.00000000
16.46615268 29.81746268 0.00000000
16.16876606 29.68944754 0.00000000
15.81382192 29.58402918 0.00000000
15.40887701 29.51416688 0.00000000
14.96439472 29.49061571 0.00000000
14.49312709 29.52129007 0.00000000
14.00936141 29.61079535 0.00000000
13.52807607 29.76015515 0.00000000
13.06405556 29.96675039 0.00000000
12.63101685 30.22447389 0.00000000
12.24079904 30.52409112 0.00000000
11.90266395 30.85378607 0.00000000
11.62274918 31.19985960 0.00000000
11.40370595 31.54753932 0.00000000
11.24454307 31.88185287 0.00000000
11.14068637 32.18851304 0.00000000
11.08425001 32.45476241 0.00000000
11.06450361 32.67012744 0.00000000
11.06850767 32.82703764 0.00000000
11.08187954 32.92127293 0.00000000
11.08964486 32.95221293 0.00000000
10.81559480 33.28697807 0.00000000
10.39711364 33.17722996 0.00000000
10.38520984 33.14763464 0.00000000
10.34063780 33.06353690 0.00000000
10.25164764 32.93424035 0.00000000
10.10908408 32.77161302 0.00000000
9.90692866 32.58938522 0.00000000
9.64265649 32.40233737 0.00000000
9.31738644 32.22542562 0.00000000
8.93581573 32.07289720 0.00000000
8.50594301 31.95744760 0.00000000
8.03859615 31.88946961 0.00000000
7.54679272 31.87643845 0.00000000
7.04497098 31.92246952 0.00000000
6.54813686 32.02807488 0.00000000
6.07097736 32.19013269 0.00000000
5.62699282 32.40207172 0.00000000
5.22769936 32.65425980 0.00000000
4.88194867 32.93457324 0.00000000
4.59540537 33.22911368 0.00000000
4.37021289 33.52302985 0.00000000
4.20486747 33.80139574 0.00000000
4.09430802 34.05009314 0.00000000
4.03021623 34.25664643 0.00000000
4.00150932 34.41096025 0.00000000
3.99499637 34.50591644 0.00000000
3.99615921 34.53779483 0.00000000
3.65849621 34.80826634 0.00000000
3.27197778 34.61390937 0.00000000
3.26648732 34.58248583 0.00000000
3.24037419 34.49095878 0.00000000
3.18021095 34.34598558 0.00000000
3.07457487 34.15727141 0.00000000
2.91472431 33.93699525 0.00000000
2.69511657 33.69908957 0.00000000
2.41373647 33.45841632 0.00000000
2.07221643 33.22988800 0.00000000
1.67574079 33.02758569 0.00000000
1.23273999 32.86392631 0.00000000
0.75439298 32.74892822 0.00000000
0.25396685 32.68961880 0.00000000
-0.25396685 32.68961880 0.00000000
-0.75439298 32.74892822 0.00000000
-1.23273999 32.86392631 0.00000000
-1.67574079 33.02758569 0.00000000
-2.07221643 33.22988800 0.00000000
-2.41373647 33.45841632 0.00000000
-2.69511657 33.69908957 0.00000000
-2.91472431 33.93699525 0.00000000
-3.07457487 34.15727141 0.00000000
-3.18021095 34.34598558 0.00000000
-3.24037419 34.49095878 0.00000000
-3.26648732 34.58248583 0.00000000
-3.27197778 34.61390937 0.00000000
-3.65849621 34.80826634 0.00000000
-3.99615921 34.53779483 0.00000000
-3.99499637 34.50591644 0.00000000
-4.00150932 34.41096025 0.00000000
-4.03021623 34.25664643 0.00000000
-4.09430802 34.05009314 0.00000000
-4.20486747 33.80139574 0.00000000
-4.37021289 33.52302985 0.00000000
-4.59540537 33.22911368 0.00000000
-4.88194867 32.93457324 0.00000000
-5.22769936 32.65425980 0.00000000
-5.62699282 32.40207172 0.00000000
-6.07097736 32.19013269 0.00000000
-6.54813686 32.02807488 0.00000000
-7.04497098 31.92246952 0.00000000
-7.54679272 31.87643845 0.00000000
-8.03859615 31.88946961 0.00000000
-8.50594301 31.95744760 0.00000000
-8.93581573 32.07289720 0.00000000
-9.31738644 32.22542562 0.00000000
-9.64265649 32.40233737 0.00000000
-9.90692866 32.58938522 0.00000000
-10.10908408 32.77161302 0.00000000
-10.25164764 32.93424035 0.00000000
-10.34063780 33.06353690 0.00000000
-10.38520984 33.14763464 0.00000000
-10.39711364 33.17722996 0.00000000
-10.81559480 33.28697807 0.00000000
-11.08964486 32.95221293 0.00000000
-11.08187954 32.92127293 0.00000000
-11.06850767 32.82703764 0.00000000
-11.06450361 32.67012744 0.00000000
-11.08425001 32.45476241 0.00000000
-11.14068637 32.18851304 0.00000000
-11.24454307 31.88185287 0.00000000
-11.40370595 31.54753932 0.00000000
-11.62274918 31.19985960 0.00000000
-11.90266395 30.85378607 0.00000000
-12.24079904 30.52409112 0.00000000
-12.63101685 30.22447389 0.00000000
-13.06405556 29.96675039 0.00000000
-13.52807607 29.76015515 0.00000000
-14.00936141 29.61079535 0.00000000
-14.49312709 29.52129007 0.00000000
-14.96439472 29.49061571 0.00000000
-15.40887701 29.51416688 0.00000000
-15.81382192 29.58402918 0.00000000
-16.16876606 29.68944754 0.00000000
-16.46615268 29.81746268 0.00000000
-16.70177782 29.95367788 0.00000000
-16.87503814 30.08311079 0.00000000
-16.98896591 30.19107980 0.00000000
-17.05004885 30.26407276 0.00000000
-17.06784574 30.29054641 0.00000000
-17.50000000 30.31088913 0.00000000
-17.69845982 29.92646120 0.00000000
-17.68443140 29.89781182 0.00000000
-17.65175912 29.80841596 0.00000000
-17.61521910 29.65576712 0.00000000
-17.58975708 29.44100282 0.00000000
-17.58960381 29.16883786 0.00000000
-17.62743276 28.84728593 0.00000000
-17.71360986 28.48718610 0.00000000
-17.85557979 28.10156237 0.00000000
-18.05742502 27.70485383 0.00000000
-18.31962361 27.31206127 0.00000000
-18.63902030 26.93786054 0.00000000
-19.00901234 26.59573512 0.00000000
-19.41993933 26.29717919 0.00000000
-19.85965378 26.05101841 0.00000000
-20.31423882 25.86288850 0.00000000
-20.76883056 25.73490239 0.00000000
-21.20849641 25.66552585 0.00000000
-21.61911750 25.64966871 0.00000000
-21.98822297 25.67898638 0.00000000
-22.30572682 25.74237393 0.00000000
-22.56452371 25.82662329 0.00000000
-22.76090850 25.91720493 0.00000000
-22.89479470 25.99912764 0.00000000
-22.96971891 26.05782567 0.00000000
-22.99263108 26.08002063 0.00000000
-23.41957122 26.01006889 0.00000000
-23.53376716 25.59277952 0.00000000
-23.51408875 25.56767286 0.00000000
-23.46354399 25.48702347 0.00000000
-23.39606498 25.34530747 0.00000000
-23.32650736 25.14053014 0.00000000
-23.26977117 24.87434450 0.00000000
-23.23991905 24.55195417 0.00000000
-23.24934401 24.18180616 0.00000000
-23.30803588 23.77509203 0.00000000
-23.42298996 23.34508653 0.00000000
-23.59779272 22.90636328 0.00000000
-23.83240912 22.47393344 0.00000000
-24.12318407 22.06235860 0.00000000
-24.46305805 21.68489030 0.00000000
-24.84198398 21.35268696 0.00000000
-25.24752084 21.07415459 0.00000000
-25.66556885 20.85445035 0.00000000
-26.08120276 20.69517819 0.00000000
-26.47955390 20.59429463 0.00000000
-26.84668902 20.54623031 0.00000000
-27.17043366 20.54221992 0.00000000
-27.44109165 20.57082133 0.00000000
-27.65201794 20.61859285 0.00000000
-27.80001109 20.67088885 0.00000000
-27.88550204 20.71272656 0.00000000
-27.91252811 20.72967281 0.00000000
-28.31559480 20.57248383 0.00000000
-28.34053594 20.14057056 0.00000000
-28.31606759 20.12010391 0.00000000
-28.24985941 20.05172576 0.00000000
-28.15439056 19.92713626 0.00000000
-28.04377733 19.74129565 0.00000000
-27.93293786 19.49272293 0.00000000
-27.83670937 19.18358420 0.00000000
-27.76897027 18.81956526 0.00000000
-27.74181895 18.40953607 0.00000000
-27.76485784 17.96502694 0.00000000
-27.84462505 17.49954730 0.00000000
-27.98420730 17.02778759 0.00000000
-28.18305690 16.56475114 0.00000000
-28.43702375 16.12486766 0.00000000
-28.73860027 15.72114063 0.00000000
-29.07736505 15.36437900 0.00000000
-29.44059863 15.06255876 0.00000000
-29.81403539 14.82035193 0.00000000
-30.18270674 14.63885106 0.00000000
-30.53182593 14.51550537 0.00000000
-30.84766217 14.44427233 0.00000000
-31.11835220 14.41597577 0.00000000
-31.33460150 14.41884932 0.00000000
-31.49023360 14.43923302 0.00000000
-31.58255491 14.46238191 0.00000000
-31.61251373 14.47333880 0.00000000
-31.97409102 14.23578251 0.00000000
-31.90868732 13.80812203 0.00000000
-31.88049840 13.79318988 0.00000000
-31.80152041 13.74007140 0.00000000
-31.68223417 13.63805358 0.00000000
-31.53539967 13.47927181 0.00000000
-31.37530113 13.25917582 0.00000000
-31.21690191 12.97679954 0.00000000
-31.07495928 12.63481904 0.00000000
-30.96315142 12.23939506 0.00000000
-30.89326821 11.79980946 0.00000000
-30.87451366 11.32791713 0.00000000
-30.91296134 10.83744572 0.00000000
-31.01119491 10.34318457 0.00000000
-31.16815505 9.86011093 0.00000000
-31.37920184 9.40250501 0.00000000
-31.63638887 8.98310633 0.00000000
-31.92893297 8.61236107 0.00000000
-32.24385161 8.29780517 0.00000000
-32.56673045 8.04361945 0.00000000
-32.88257555 7.85038320 0.00000000
-33.17669983 7.71504072 0.00000000
-33.43559144 7.63108289 0.00000000
-33.64771262 7.58893289 0.00000000
-33.80418179 7.57651343 0.00000000
-33.89929859 7.57996178 0.00000000
-33.93088080 7.58445045 0.00000000
-34.23516603 7.27690918 0.00000000
-34.08227594 6.87219230 0.00000000
-34.05159845 6.86344726 0.00000000
-33.96330236 6.82791000 0.00000000
-33.82541211 6.75292251 0.00000000
-33.64877372 6.62813911 0.00000000
-33.44641319 6.44613911 0.00000000
-33.23276604 6.20286648 0.00000000
-33.02282345 5.89787061 0.00000000
-32.83124560 5.53433374 0.00000000
-32.67149451 5.11888368 0.00000000
-32.55503786 4.66120263 0.00000000
-32.49067063 4.17345547 0.00000000
-32.48399489 3.66957121 0.00000000
-32.53708841 3.16442003 0.00000000
-32.64838170 2.67293481 0.00000000
-32.81275070 2.20922880 0.00000000
-33.02181973 1.78576188 0.00000000
-33.26445680 1.41260451 0.00000000
-33.52743178 1.09684307 0.00000000
-33.79619882 0.84216161 0.00000000
-34.05575650 0.64862481 0.00000000
-34.29153489 0.51267507 0.00000000
-34.49025724 0.42734367 0.00000000
-34.64072503 0.38266384 0.00000000
-34.73448025 0.36626094 0.00000000
-34.76630556 0.36408521 0.00000000
-35.00000000 0.00000000 0.00000000
-34.76630556 -0.36408521 0.00000000
-34.73448025 -0.36626094 0.00000000
-34.64072503 -0.38266384 0.00000000
-34.49025724 -0.42734367 0.00000000
-34.29153489 -0.51267507 0.00000000
-34.05575650 -0.64862481 0.00000000
-33.79619882 -0.84216161 0.00000000
-33.52743178 -1.09684307 0.00000000
-33.26445680 -1.41260451 0.00000000
-33.02181973 -1.78576188 0.00000000
-32.81275070 -2.20922880 0.00000000
-32.64838170 -2.67293481 0.00000000
-32.53708841 -3.16442003 0.00000000
-32.48399489 -3.66957121 0.00000000
-32.49067063 -4.17345547 0.00000000
-32.55503786 -4.66120263 0.00000000
-32.67149451 -5.11888368 0.00000000
-32.83124560 -5.53433374 0.00000000
-33.02282345 -5.89787061 0.00000000
-33.23276604 -6.20286648 0.00000000
-33.44641319 -6.44613911 0.00000000
-33.64877372 -6.62813911 0.00000000
-33.82541211 -6.75292251 0.00000000
-33.96330236 -6.82791000 0.00000000
-34.05159845 -6.86344726 0.00000000
-34.08227594 -6.87219230 0.00000000
-34.23516603 -7.27690918 0.00000000
-33.93088080 -7.58445045 0.00000000
-33.89929859 -7.57996178 0.00000000
-33.80418179 -7.57651343 0.00000000
-33.64771262 -7.58893289 0.00000000
-33.43559144 -7.63108289 0.00000000
-33.17669983 -7.71504072 0.00000000
-32.88257555 -7.85038320 0.00000000
-32.56673045 -8.04361945 0.00000000
-32.24385161 -8.29780517 0.00000000
-31.92893297 -8.61236107 0.00000000
-31.63638887 -8.98310633 0.00000000
-31.37920184 -9.40250501 0.00000000
-31.16815505 -9.86011093 0.00000000
-31.01119491 -10.34318457 0.00000000
-30.91296134 -10.83744572 0.00000000
-30.87451366 -11.32791713 0.00000000
-30.89326821 -11.79980946 0.00000000
-30.96315142 -12.23939506 0.00000000
-31.07495928 -12.63481904 0.00000000
-31.21690191 -12.97679954 0.00000000
-31.37530113 -13.25917582 0.00000000
-31.53539967 -13.47927181 0.00000000
-31.68223417 -13.63805358 0.00000000
-31.80152041 -13.74007140 0.00000000
-31.88049840 -13.79318988 0.00000000
-31.90868732 -13.80812203 0.00000000
-31.97409102 -14.23578251 0.00000000
-31.61251373 -14.47333880 0.00000000
-31.58255491 -14.46238191 0.00000000
-31.49023360 -14.43923302 0.00000000
-31.33460150 -14.41884932 0.00000000
-31.11835220 -14.41597577 0.00000000
-30.84766217 -14.44427233 0.00000000
-30.53182593 -14.51550537 0.00000000
-30.18270674 -14.63885106 0.00000000
-29.81403539 -14.82035193 0.00000000
-29.44059863 -15.06255876 0.00000000
-29.07736505 -15.36437900 0.00000000
-28.73860027 -15.72114063 0.00000000
-28.43702375 -16.12486766 0.00000000
-28.18305690 -16.56475114 0.00000000
-27.98420730 -17.02778759 0.00000000
-27.84462505 -17.49954730 0.00000000
-27.76485784 -17.96502694 0.00000000
-27.74181895 -18.40953607 0.00000000
-27.76897027 -18.81956526 0.00000000
-27.83670937 -19.18358420 0.00000000
-27.93293786 -19.49272293 0.00000000
-28.04377733 -19.74129565 0.00000000
-28.15439056 -19.92713626 0.00000000
-28.24985941 -20.05172576 0.00000000
-28.31606759 -20.12010391 0.00000000
-28.34053594 -20.14057056 0.00000000
-28.31559480 -20.57248383 0.00000000
-27.91252811 -20.72967281 0.00000000
-27.88550204 -20.71272656 0.00000000
-27.80001109 -20.67088885 0.00000000
-27.65201794 -20.61859285 0.00000000
-27.44109165 -20.57082133 0.00000000
-27.17043366 -20.54221992 0.00000000
-26.84668902 -20.54623031 0.00000000
-26.47955390 -20.59429463 0.00000000
-26.08120276 -20.69517819 0.00000000
-25.66556885 -20.85445035 0.00000000
-25.24752084 -21.07415459 0.00000000
-24.84198398 -21.35268696 0.00000000
-24.46305805 -21.68489030 0.00000000
-24.12318407 -22.06235860 0.00000000
-23.83240912 -22.47393344 0.00000000
-23.59779272 -22.90636328 0.00000000
-23.42298996 -23.34508653 0.00000000
-23.30803588 -23.77509203 0.00000000
-23.24934401 -24.18180616 0.00000000
-23.23991905 -24.55195417 0.00000000
-23.26977117 -24.87434450 0.00000000
-23.32650736 -25.14053014 0.00000000
-23.39606498 -25.34530747 0.00000000
-23.46354399 -25.48702347 0.00000000
-23.51408875 -25.56767286 0.00000000
-23.53376716 -25.59277952 0.00000000
-23.41957122 -26.01006889 0.00000000
-22.99263108 -26.08002063 0.00000000
-22.96971891 -26.05782567 0.00000000
-22.89479470 -25.99912764 0.00000000
-22.76090850 -25.91720493 0.00000000
-22.56452371 -25.82662329 0.00000000
-22.30572682 -25.74237393 0.00000000
-21.98822297 -25.67898638 0.00000000
-21.61911750 -25.64966871 0.00000000
-21.20849641 -25.66552585 0.00000000
-20.76883056 -25.73490239 0.00000000
-20.31423882 -25.86288850 0.00000000
-19.85965378 -26.05101841 0.00000000
-19.41993933 -26.29717919 0.00000000
-19.00901234 -26.59573512 0.00000000
-18.63902030 -26.93786054 0.00000000
-18.31962361 -27.31206127 0.00000000
-18.05742502 -27.70485383 0.00000000
-17.85557979 -28.10156237 0.00000000
-17.71360986 -28.48718610 0.00000000
-17.62743276 -28.84728593 0.00000000
-17.58960381 -29.16883786 0.00000000
-17.58975708 -29.44100282 0.00000000
-17.61521910 -29.65576712 0.00000000
-17.65175912 -29.80841596 0.00000000
-17.68443140 -29.89781182 0.00000000
-17.69845982 -29.92646120 0.00000000
-17.50000000 -30.31088913 0.00000000
-17.06784574 -30.29054641 0.00000000
-17.05004885 -30.26407276 0.00000000
-16.98896591 -30.19107980 0.00000000
-16.87503814 -30.08311079 0.00000000
-16.70177782 -29.95367788 0.00000000
-16.46615268 -29.81746268 0.00000000
-16.16876606 -29.68944754 0.00000000
-15.81382192 -29.58402918 0.00000000
-15.40887701 -29.51416688 0.00000000
-14.96439472 -29.49061571 0.00000000
-14.49312709 -29.52129007 0.00000000
-14.00936141 -29.61079535 0.00000000
-13.52807607 -29.76015515 0.00000000
-13.06405556 -29.96675039 0.00000000
-12.63101685 -30.22447389 0.00000000
-12.24079904 -30.52409112 0.00000000
-11.90266395 -30.85378607 0.00000000
-11.62274918 -31.19985960 0.00000000
-11.40370595 -31.54753932 0.00000000
-11.24454307 -31.88185287 0.00000000
-11.14068637 -32.18851304 0.00000000
-11.08425001 -32.45476241 0.00000000
-11.06450361 -32.67012744 0.00000000
-11.06850767 -32.82703764 0.00000000
-11.08187954 -32.92127293 0.00000000
-11.08964486 -32.95221293 0.00000000
-10.81559480 -33.28697807 0.00000000
-10.39711364 -33.17722996 0.00000000
-10.38520984 -33.14763464 0.00000000
-10.34063780 -33.06353690 0.00000000
-10.25164764 -32.93424035 0.00000000
-10.10908408 -32.77161302 0.00000000
-9.90692866 -32.58938522 0.00000000
-9.64265649 -32.40233737 0.00000000
-9.31738644 -32.22542562 0.00000000
-8.93581573 -32.07289720 0.00000000
-8.50594301 -31.95744760 0.00000000
-8.03859615 -31.88946961 0.00000000
-7.54679272 -31.87643845 0.00000000
-7.04497098 -31.92246952 0.00000000
-6.54813686 -32.02807488 0.00000000
-6.07097736 -32.19013269 0.00000000
-5.62699282 -32.40207172 0.00000000
-5.22769936 -32.65425980 0.00000000
-4.88194867 -32.93457324 0.00000000
-4.59540537 -33.22911368 0.00000000
-4.37021289 -33.52302985 0.00000000
-4.20486747 -33.80139574 0.00000000
-4.09430802 -34.05009314 0.00000000
-4.03021623 -34.25664643 0.00000000
-4.00150932 -34.41096025 0.00000000
-3.99499637 -34.50591644 0.00000000
-3.99615921 -34.53779483 0.00000000
-3.65849621 -34.80826634 0.00000000
-3.27197778 -34.61390937 0.00000000
-3.26648732 -34.58248583 0.00000000
-3.24037419 -34.49095878 0.00000000
-3.18021095 -34.34598558 0.00000000
-3.07457487 -34.15727141 0.00000000
-2.91472431 -33.93699525 0.00000000
-2.69511657 -33.69908957 0.00000000
-2.41373647 -33.45841632 0.00000000
-2.07221643 -33.22988800 0.00000000
-1.67574079 -33.02758569 0.00000000
-1.23273999 -32.86392631 0.00000000
-0.75439298 -32.74892822 0.00000000
-0.25396685 -32.68961880 0.00000000
0.25396685 -32.68961880 0.00000000
0.75439298 -32.74892822 0.00000000
1.23273999 -32.86392631 0.00000000
1.67574079 -33.02758569 0.00000000
2.07221643 -33.22988800 0.00000000
2.41373647 -33.45841632 0.00000000
2.69511657 -33.69908957 0.00000000
2.91472431 -33.93699525 0.00000000
3.07457487 -34.15727141 0.00000000
3.18021095 -34.34598558 0.00000000
3.24037419 -34.49095878 0.00000000
3.26648732 -34.58248583 0.00000000
3.27197778 -34.61390937 0.00000000
3.65849621 -34.80826634 0.00000000
3.99615921 -34.53779483 0.00000000
3.99499637 -34.50591644 0.00000000
4.00150932 -34.41096025 0.00000000
4.03021623 -34.25664643 0.00000000
4.09430802 -34.05009314 0.00000000
4.20486747 -33.80139574 0.00000000
4.37021289 -33.52302985 0.00000000
4.59540537 -33.22911368 0.00000000
4.88194867 -32.93457324 0.00000000
5.22769936 -32.65425980 0.00000000
5.62699282 -32.40207172 0.00000000
6.07097736 -32.19013269 0.00000000
6.54813686 -32.02807488 0.00000000
7.04497098 -31.92246952 0.00000000
7.54679272 -31.87643845 0.00000000
8.03859615 -31.88946961 0.00000000
8.50594301 -31.95744760 0.00000000
8.93581573 -32.07289720 0.00000000
9.31738644 -32.22542562 0.00000000
9.64265649 -32.40233737 0.00000000
9.90692866 -32.58938522 0.00000000
10.10908408 -32.77161302 0.00000000
10.25164764 -32.93424035 0.00000000
10.34063780 -33.06353690 0.00000000
10.38520984 -33.14763464 0.00000000
10.39711364 -33.17722996 0.00000000
10.81559480 -33.28697807 0.00000000
11.08964486 -32.95221293 0.00000000
11.08187954 -32.92127293 0.00000000
11.06850767 -32.82703764 0.00000000
11.06450361 -32.67012744 0.00000000
11.08425001 -32.45476241 0.00000000
11.14068637 -32.18851304 0.00000000
11.24454307 -31.88185287 0.00000000
11.40370595 -31.54753932 0.00000000
11.62274918 -31.19985960 0.00000000
11.90266395 -30.85378607 0.00000000
12.24079904 -30.52409112 0.00000000
12.63101685 -30.22447389 0.00000000
13.06405556 -29.96675039 0.00000000
13.52807607 -29.76015515 0.00000000
14.00936141 -29.61079535 0.00000000
14.49312709 -29.52129007 0.00000000
14.96439472 -29.49061571 0.00000000
15.40887701 -29.51416688 0.00000000
15.81382192 -29.58402918 0.00000000
16.16876606 -29.68944754 0.00000000
16.46615268 -29.81746268 0.00000000
16.70177782 -29.95367788 0.00000000
16.87503814 -30.08311079 0.00000000
16.98896591 -30.19107980 0.00000000
17.05004885 -30.26407276 0.00000000
17.06784574 -30.29054641 0.00000000
17.50000000 -30.31088913 0.00000000
17.69845982 -29.92646120 0.00000000
17.68443140 -29.89781182 0.00000000
17.65175912 -29.80841596 0.00000000
17.61521910 -29.65576712 0.00000000
17.58975708 -29.44100282 0.00000000
17.58960381 -29.16883786 0.00000000
17.62743276 -28.84728593 0.00000000
17.71360986 -28.48718610 0.00000000
17.85557979 -28.10156237 0.00000000
18.05742502 -27.70485383 0.00000000
18.31962361 -27.31206127 0.00000000
18.63902030 -26.93786054 0.00000000
19.00901234 -26.59573512 0.00000000
19.41993933 -26.29717919 0.00000000
19.85965378 -26.05101841 0.00000000
20.31423882 -25.86288850 0.00000000
20.76883056 -25.73490239 0.00000000
21.20849641 -25.66552585 0.00000000
21.61911750 -25.64966871 0.00000000
21.98822297 -25.67898638 0.00000000
22.30572682 -25.74237393 0.00000000
22.56452371 -25.82662329 0.00000000
22.76090850 -25.91720493 0.00000000
22.89479470 -25.99912764 0.00000000
22.96971891 -26.05782567 0.00000000
22.99263108 -26.08002063 0.00000000
23.41957122 -26.01006889 0.00000000
23.53376716 -25.59277952 0.00000000
23.51408875 -25.56767286 0.00000000
23.46354399 -25.48702347 0.00000000
23.39606498 -25.34530747 0.00000000
23.32650736 -25.14053014 0.00000000
23.26977117 -24.87434450 0.00000000
23.23991905 -24.55195417 0.00000000
23.24934401 -24.18180616 0.00000000
23.30803588 -23.77509203 0.00000000
23.42298996 -23.34508653 0.00000000
23.59779272 -22.90636328 0.00000000
23.83240912 -22.47393344 0.00000000
24.12318407 -22.06235860 0.00000000
24.46305805 -21.68489030 0.00000000
24.84198398 -21.35268696 0.00000000
25.24752084 -21.07415459 0.00000000
25.66556885 -20.85445035 0.00000000
26.08120276 -20.69517819 0.00000000
26.47955390 -20.59429463 0.00000000
26.84668902 -20.54623031 0.00000000
27.17043366 -20.54221992 0.00000000
27.44109165 -20.57082133 0.00000000
27.65201794 -20.61859285 0.00000000
27.80001109 -20.67088885 0.00000000
27.88550204 -20.71272656 0.00000000
27.91252811 -20.72967281 0.00000000
28.31559480 -20.57248383 0.00000000
28.34053594 -20.14057056 0.00000000
28.31606759 -20.12010391 0.00000000
28.24985941 -20.05172576 0.00000000
28.15439056 -19.92713626 0.00000000
28.04377733 -19.74129565 0.00000000
27.93293786 -19.49272293 0.00000000
27.83670937 -19.18358420 0.00000000
27.76897027 -18.81956526 0.00000000
27.74181895 -18.40953607 0.00000000
27.76485784 -17.96502694 0.00000000
27.84462505 -17.49954730 0.00000000
27.98420730 -17.02778759 0.00000000
28.18305690 -16.56475114 0.00000000
28.43702375 -16.12486766 0.00000000
28.73860027 -15.72114063 0.00000000
29.07736505 -15.36437900 0.00000000
29.44059863 -15.06255876 0.00000000
29.81403539 -14.82035193 0.00000000
30.18270674 -14.63885106 0.00000000
30.53182593 -14.51550537 0.00000000
30.84766217 -14.44427233 0.00000000
31.11835220 -14.41597577 0.00000000
31.33460150 -14.41884932 0.00000000
31.49023360 -14.43923302 0.00000000
31.58255491 -14.46238191 0.00000000
31.61251373 -14.47333880 0.00000000
31.97409102 -14.23578251 0.00000000
31.90868732 -13.80812203 0.00000000
31.88049840 -13.79318988 0.00000000
31.80152041 -13.74007140 0.00000000
31.68223417 -13.63805358 0.00000000
31.53539967 -13.47927181 0.00000000
31.37530113 -13.25917582 0.00000000
31.21690191 -12.97679954 0.00000000
31.07495928 -12.63481904 0.00000000
30.96315142 -12.23939506 0.00000000
30.89326821 -11.79980946 0.00000000
30.87451366 -11.32791713 0.00000000
30.91296134 -10.83744572 0.00000000
31.01119491 -10.34318457 0.00000000
31.16815505 -9.86011093 0.00000000
31.37920184 -9.40250501 0.00000000
31.63638887 -8.98310633 0.00000000
31.92893297 -8.61236107 0.00000000
32.24385161 -8.29780517 0.00000000
32.56673045 -8.04361945 0.00000000
32.88257555 -7.85038320 0.00000000
33.17669983 -7.71504072 0.00000000
33.43559144 -7.63108289 0.00000000
33.64771262 -7.58893289 0.00000000
33.80418179 -7.57651343 0.00000000
33.89929859 -7.57996178 0.00000000
33.93088080 -7.58445045 0.00000000
34.23516603 -7.27690918 0.00000000
34.08227594 -6.87219230 0.00000000
34.05159845 -6.86344726 0.00000000
33.96330236 -6.82791000 0.00000000
33.82541211 -6.75292251 0.00000000
33.64877372 -6.62813911 0.00000000
33.44641319 -6.44613911 0.00000000
33.23276604 -6.20286648 0.00000000
33.02282345 -5.89787061 0.00000000
32.83124560 -5.53433374 0.00000000
32.67149451 -5.11888368 0.00000000
32.55503786 -4.66120263 0.00000000
32.49067063 -4.17345547 0.00000000
32.48399489 -3.66957121 0.00000000
32.53708841 -3.16442003 0.00000000
32.64838170 -2.67293481 0.00000000
32.81275070 -2.20922880 0.00000000
33.02181973 -1.78576188 0.00000000
33.26445680 -1.41260451 0.00000000
33.52743178 -1.09684307 0.00000000
33.79619882 -0.84216161 0.00000000
34.05575650 -0.64862481 0.00000000
34.29153489 -0.51267507 0.00000000
34.49025724 -0.42734367 0.00000000
34.64072503 -0.38266384 0.00000000
34.73448025 -0.36626094 0.00000000
34.76630556 -0.36408521 0.00000000
