6.73109963 1.74511895 -5.00000000
6.76938161 1.75983940 -5.00000000
6.87561948 1.82042336 -5.00000000
7.03171814 1.94783943 -5.00000000
7.21406644 2.15668841 -5.00000000
7.39567590 2.45384967 -5.00000000
7.54862500 2.83782262 -5.00000000
7.64658882 3.29882288 -5.00000000
7.66722662 3.81962426 -5.00000000
7.59421249 4.37707107 -5.00000000
7.41872632 4.94412465 -5.00000000
7.14027096 5.49226015 -5.00000000
6.76674214 5.99399795 -5.00000000
6.31374453 6.42534209 -5.00000000
5.80321573 6.76790631 -5.00000000
5.26148177 7.01053665 -5.00000000
4.71691906 7.15028448 -5.00000000
4.19743299 7.19264272 -5.00000000
3.72798010 7.15102377 -5.00000000
3.32835657 7.04552643 -5.00000000
3.01145192 6.90110258 -5.00000000
2.78212505 6.74528863 -5.00000000
2.63680359 6.60570596 -5.00000000
2.56384259 6.50755509 -5.00000000
2.54461021 6.47132917 -5.00000000
2.12902505 6.37578055 -5.00000000
1.85423247 6.70186275 -5.00000000
1.86062518 6.74237614 -5.00000000
1.86127686 6.86467281 -5.00000000
1.82898065 7.06356626 -5.00000000
1.73928626 7.32590901 -5.00000000
1.57274180 7.63176804 -5.00000000
1.31668602 7.95621232 -5.00000000
0.96642999 8.27155161 -5.00000000
0.52572167 8.54982516 -5.00000000
0.00645150 8.76531648 -5.00000000
-0.57237439 8.89686778 -5.00000000
-1.18630133 8.92978612 -5.00000000
-1.80758342 8.85716957 -5.00000000
-2.40763721 8.68053420 -5.00000000
-2.95957093 8.40968540 -5.00000000
-3.44056195 8.06184520 -5.00000000
-3.83386848 7.66011397 -5.00000000
-4.13029482 7.23140495 -5.00000000
-4.32897820 6.80403735 -5.00000000
-4.43742659 6.40520456 -5.00000000
-4.47080419 6.05854515 -5.00000000
-4.45052878 5.78203528 -5.00000000
-4.40230737 5.58639188 -5.00000000
-4.35378673 5.47413036 -5.00000000
-4.33203036 5.43936167 -5.00000000
-4.45707540 5.03168006 -5.00000000
-4.87686716 4.95674380 -5.00000000
-4.90875643 4.98253674 -5.00000000
-5.01434261 5.04424945 -5.00000000
-5.20273750 5.11572683 -5.00000000
-5.47478017 5.16922059 -5.00000000
-5.82293410 5.17791837 -5.00000000
-6.23193898 5.11838970 -5.00000000
-6.68015882 4.97272873 -5.00000000
-7.14150496 4.73020090 -5.00000000
-7.58776099 4.38824541 -5.00000000
-7.99110070 3.95274313 -5.00000000
-8.32657229 3.43752597 -5.00000000
-8.57432557 2.86317162 -5.00000000
-8.72138174 2.25519211 -5.00000000
-8.76278666 1.64177909 -5.00000000
-8.70204372 1.05130855 -5.00000000
-8.55078754 0.50982949 -5.00000000
-8.32772781 0.03876224 -5.00000000
-8.05695829 -0.34698641 -5.00000000
-7.76578316 -0.64032188 -5.00000000
-7.48225611 -0.84255743 -5.00000000
-7.23265383 -0.96325335 -5.00000000
-7.03911097 -1.01931408 -5.00000000
-6.91762932 -1.03342473 -5.00000000
-6.87664057 -1.03196750 -5.00000000
-6.58610045 -1.34410049 -5.00000000
-6.73109963 -1.74511895 -5.00000000
-6.76938161 -1.75983940 -5.00000000
-6.87561948 -1.82042336 -5.00000000
-7.03171814 -1.94783943 -5.00000000
-7.21406644 -2.15668841 -5.00000000
-7.39567590 -2.45384967 -5.00000000
-7.54862500 -2.83782262 -5.00000000
-7.64658882 -3.29882288 -5.00000000
-7.66722662 -3.81962426 -5.00000000
-7.59421249 -4.37707107 -5.00000000
-7.41872632 -4.94412465 -5.00000000
-7.14027096 -5.49226015 -5.00000000
-6.76674214 -5.99399795 -5.00000000
-6.31374453 -6.42534209 -5.00000000
-5.80321573 -6.76790631 -5.00000000
-5.26148177 -7.01053665 -5.00000000
-4.71691906 -7.15028448 -5.00000000
-4.19743299 -7.19264272 -5.00000000
-3.72798010 -7.15102377 -5.00000000
-3.32835657 -7.04552643 -5.00000000
-3.01145192 -6.90110258 -5.00000000
-2.78212505 -6.74528863 -5.00000000
-2.63680359 -6.60570596 -5.00000000
-2.56384259 -6.50755509 -5.00000000
-2.54461021 -6.47132917 -5.00000000
-2.12902505 -6.37578055 -5.00000000
-1.85423247 -6.70186275 -5.00000000
-1.86062518 -6.74237614 -5.00000000
-1.86127686 -6.86467281 -5.00000000
-1.82898065 -7.06356626 -5.00000000
-1.73928626 -7.32590901 -5.00000000
-1.57274180 -7.63176804 -5.00000000
-1.31668602 -7.95621232 -5.00000000
-0.96642999 -8.27155161 -5.00000000
-0.52572167 -8.54982516 -5.00000000
-0.00645150 -8.76531648 -5.00000000
0.57237439 -8.89686778 -5.00000000
1.18630133 -8.92978612 -5.00000000
1.80758342 -8.85716957 -5.00000000
2.40763721 -8.68053420 -5.00000000
2.95957093 -8.40968540 -5.00000000
3.44056195 -8.06184520 -5.00000000
3.83386848 -7.66011397 -5.00000000
4.13029482 -7.23140495 -5.00000000
4.32897820 -6.80403735 -5.00000000
4.43742659 -6.40520456 -5.00000000
4.47080419 -6.05854515 -5.00000000
4.45052878 -5.78203528 -5.00000000
4.40230737 -5.58639188 -5.00000000
4.35378673 -5.47413036 -5.00000000
4.33203036 -5.43936167 -5.00000000
4.45707540 -5.03168006 -5.00000000
4.87686716 -4.95674380 -5.00000000
4.90875643 -4.98253674 -5.00000000
5.01434261 -5.04424945 -5.00000000
5.20273750 -5.11572683 -5.00000000
5.47478017 -5.16922059 -5.00000000
5.82293410 -5.17791837 -5.00000000
6.23193898 -5.11838970 -5.00000000
6.68015882 -4.97272873 -5.00000000
7.14150496 -4.73020090 -5.00000000
7.58776099 -4.38824541 -5.00000000
7.99110070 -3.95274313 -5.00000000
8.32657229 -3.43752597 -5.00000000
8.57432557 -2.86317162 -5.00000000
8.72138174 -2.25519211 -5.00000000
8.76278666 -1.64177909 -5.00000000
8.70204372 -1.05130855 -5.00000000
8.55078754 -0.50982949 -5.00000000
8.32772781 -0.03876224 -5.00000000
8.05695829 0.34698641 -5.00000000
7.76578316 0.64032188 -5.00000000
7.48225611 0.84255743 -5.00000000
7.23265383 0.96325335 -5.00000000
7.03911097 1.01931408 -5.00000000
6.91762932 1.03342473 -5.00000000
6.87664057 1.03196750 -5.00000000
6.58610045 1.34410049 -5.00000000
6.73109963 1.74511895 -5.00000000
