6.94411266 0.36392552 0.00000000
6.98456500 0.37069383 0.00000000
7.10077165 0.40881094 0.00000000
7.27919585 0.50244027 0.00000000
7.49962286 0.67060904 0.00000000
7.73698485 0.92545427 0.00000000
7.96362415 1.27108888 0.00000000
8.15179101 1.70319000 0.00000000
8.27615135 2.20934661 0.00000000
8.31607875 2.77013517 0.00000000
8.25752458 3.36082677 0.00000000
8.09429793 3.95357205 0.00000000
7.82864024 4.51986755 0.00000000
7.47104280 5.03308161 0.00000000
7.03932365 5.47081267 0.00000000
6.55704680 5.81686787 0.00000000
6.05142596 6.06268401 0.00000000
5.55090132 6.20806310 0.00000000
5.08260733 6.26115638 0.00000000
4.66995933 6.23769829 0.00000000
4.33057589 6.15955939 0.00000000
4.07472397 6.05274839 0.00000000
3.90442648 5.94504316 0.00000000
3.81331277 5.86346381 0.00000000
3.78722508 5.83181521 0.00000000
3.36092715 5.82129659 0.00000000
3.15688758 6.19574073 0.00000000
3.17125223 6.23415764 0.00000000
3.19634516 6.35385410 0.00000000
3.20447189 6.55518866 0.00000000
3.16904696 6.83016843 0.00000000
3.06702552 7.16315256 0.00000000
2.88101682 7.53224526 0.00000000
2.60088970 7.91125311 0.00000000
2.22472539 8.27203062 0.00000000
1.75903195 8.58700304 0.00000000
1.21820093 8.83163944 0.00000000
0.62325514 8.98665366 0.00000000
0.00000000 9.03973510 0.00000000
-0.62325514 8.98665366 0.00000000
-1.21820093 8.83163944 0.00000000
-1.75903195 8.58700304 0.00000000
-2.22472539 8.27203062 0.00000000
-2.60088970 7.91125311 0.00000000
-2.88101682 7.53224526 0.00000000
-3.06702552 7.16315256 0.00000000
-3.16904696 6.83016843 0.00000000
-3.20447189 6.55518866 0.00000000
-3.19634516 6.35385410 0.00000000
-3.17125223 6.23415764 0.00000000
-3.15688758 6.19574073 0.00000000
-3.36092715 5.82129659 0.00000000
-3.78722508 5.83181521 0.00000000
-3.81331277 5.86346381 0.00000000
-3.90442648 5.94504316 0.00000000
-4.07472397 6.05274839 0.00000000
-4.33057589 6.15955939 0.00000000
-4.66995933 6.23769829 0.00000000
-5.08260733 6.26115638 0.00000000
-5.55090132 6.20806310 0.00000000
-6.05142596 6.06268401 0.00000000
-6.55704680 5.81686787 0.00000000
-7.03932365 5.47081267 0.00000000
-7.47104280 5.03308161 0.00000000
-7.82864024 4.51986755 0.00000000
-8.09429793 3.95357205 0.00000000
-8.25752458 3.36082677 0.00000000
-8.31607875 2.77013517 0.00000000
-8.27615135 2.20934661 0.00000000
-8.15179101 1.70319000 0.00000000
-7.96362415 1.27108888 0.00000000
-7.73698485 0.92545427 0.00000000
-7.49962286 0.67060904 0.00000000
-7.27919585 0.50244027 0.00000000
-7.10077165 0.40881094 0.00000000
-6.98456500 0.37069383 0.00000000
-6.94411266 0.36392552 0.00000000
-6.72185430 0.00000000 0.00000000
-6.94411266 -0.36392552 0.00000000
-6.98456500 -0.37069383 0.00000000
-7.10077165 -0.40881094 0.00000000
-7.27919585 -0.50244027 0.00000000
-7.49962286 -0.67060904 0.00000000
-7.73698485 -0.92545427 0.00000000
-7.96362415 -1.27108888 0.00000000
-8.15179101 -1.70319000 0.00000000
-8.27615135 -2.20934661 0.00000000
-8.31607875 -2.77013517 0.00000000
-8.25752458 -3.36082677 0.00000000
-8.09429793 -3.95357205 0.00000000
-7.82864024 -4.51986755 0.00000000
-7.47104280 -5.03308161 0.00000000
-7.03932365 -5.47081267 0.00000000
-6.55704680 -5.81686787 0.00000000
-6.05142596 -6.06268401 0.00000000
-5.55090132 -6.20806310 0.00000000
-5.08260733 -6.26115638 0.00000000
-4.66995933 -6.23769829 0.00000000
-4.33057589 -6.15955939 0.00000000
-4.07472397 -6.05274839 0.00000000
-3.90442648 -5.94504316 0.00000000
-3.81331277 -5.86346381 0.00000000
-3.78722508 -5.83181521 0.00000000
-3.36092715 -5.82129659 0.00000000
-3.15688758 -6.19574073 0.00000000
-3.17125223 -6.23415764 0.00000000
-3.19634516 -6.35385410 0.00000000
-3.20447189 -6.55518866 0.00000000
-3.16904696 -6.83016843 0.00000000
-3.06702552 -7.16315256 0.00000000
-2.88101682 -7.53224526 0.00000000
-2.60088970 -7.91125311 0.00000000
-2.22472539 -8.27203062 0.00000000
-1.75903195 -8.58700304 0.00000000
-1.21820093 -8.83163944 0.00000000
-0.62325514 -8.98665366 0.00000000
-0.00000000 -9.03973510 0.00000000
0.62325514 -8.98665366 0.00000000
1.21820093 -8.83163944 0.00000000
1.75903195 -8.58700304 0.00000000
2.22472539 -8.27203062 0.00000000
2.60088970 -7.91125311 0.00000000
2.88101682 -7.53224526 0.00000000
3.06702552 -7.16315256 0.00000000
3.16904696 -6.83016843 0.00000000
3.20447189 -6.55518866 0.00000000
3.19634516 -6.35385410 0.00000000
3.17125223 -6.23415764 0.00000000
3.15688758 -6.19574073 0.00000000
3.36092715 -5.82129659 0.00000000
3.78722508 -5.83181521 0.00000000
3.81331277 -5.86346381 0.00000000
3.90442648 -5.94504316 0.00000000
4.07472397 -6.05274839 0.00000000
4.33057589 -6.15955939 0.00000000
4.66995933 -6.23769829 0.00000000
5.08260733 -6.26115638 0.00000000
5.55090132 -6.20806310 0.00000000
6.05142596 -6.06268401 0.00000000
6.55704680 -5.81686787 0.00000000
7.03932365 -5.47081267 0.00000000
7.47104280 -5.03308161 0.00000000
7.82864024 -4.51986755 0.00000000
8.09429793 -3.95357205 0.00000000
8.25752458 -3.36082677 0.00000000
8.31607875 -2.77013517 0.00000000
8.27615135 -2.20934661 0.00000000
8.15179101 -1.70319000 0.00000000
7.96362415 -1.27108888 0.00000000
7.73698485 -0.92545427 0.00000000
7.49962286 -0.67060904 0.00000000
7.27919585 -0.50244027 0.00000000
7.10077165 -0.40881094 0.00000000
6.98456500 -0.37069383 0.00000000
6.94411266 -0.36392552 0.00000000
6.72185430 -0.00000000 0.00000000
6.94411266 0.36392552 0.00000000
